0.522606
0.328234
0.833271
0.274181
0.997375
0.006842
0.910595
0.506314
0.232759
0.553668
0.963464
0.419042
0.052163
0.862431
0.007073
0.289742
0.202199
0.651567
0.830674
0.587911
0.376943
0.398636
0.573257
0.911403
0.724896
0.317260
0.363272
0.472361
0.772287
0.279799
0.879634
0.550544
0.583237
0.742435
0.823810
0.851033
0.075603
0.768670
0.195537
0.858879
0.123042
0.397831
0.908125
0.835328
0.876714
0.421915
0.343039
0.527743
0.809986
0.553668
0.181677
0.085578
0.647146
0.224572
0.548131
0.908125
0.888998
0.435344
0.765845
0.543958
0.281703
0.718739
0.383623
0.711365
0.478184
0.326844
0.326844
0.083784
0.605127
0.027906
0.459420
0.175138
0.427086
0.557787
0.758409
0.167374
0.997375
0.422294
0.894455
0.403272
0.356782
0.015172
0.237292
0.215778
0.678908
0.480366
0.502536
0.573257
0.037972
0.196242
0.558413
0.466365
0.257116
0.634141
0.131156
0.054604
0.502439
0.996533
0.602884
0.341453
0.539865
0.499507
0.132482
0.210513
0.489777
0.244341
0.957541
0.458735
0.033019
0.779552
0.551480
0.333555
0.702782
0.237292
0.061385
0.435200
0.487286
0.481976
0.117941
0.258867
0.455032
0.334839
0.044812
0.275877
0.692343
0.318053
0.117870
0.779849
0.753344
0.100471
0.606449
0.009128
0.749583
0.765746
0.412315
0.592683
0.327832
0.547096
0.288827
0.118280
0.517422
0.908125
0.925766
0.013097
0.385080
0.162752
0.772845
0.559102
0.386676
0.298578
0.163319
0.356653
0.549656
0.839704
0.549099
0.819977
0.745906
0.533982
0.724130
0.517140
0.832888
0.260925
0.618123
0.284310
0.735169
0.444264
0.867718
0.093238
0.198350
0.719386
0.869343
0.478184
0.671399
0.292289
0.552950
