0.000208
0.034034
0.000156
0.162667
0.000001
0.000456
0.000008
0.039899
0.022142
0.000001
0.009963
0.013921
0.242793
0.029833
0.000490
0.020461
0.000434
0.001062
0.000079
0.007574
0.145035
0.015632
0.679741
0.192628
0.018690
0.000011
0.164891
0.016649
0.004681
0.000008
0.156875
0.000004
0.199668
0.000518
0.000196
0.025023
0.000657
0.143130
0.016035
0.009117
0.007191
0.000002
0.001719
0.000558
0.000000
0.000031
0.184896
0.084013
0.004078
0.185064
0.000149
0.005462
0.001619
0.028213
0.000003
0.002115
0.000000
0.019232
0.026422
0.000607
0.001388
0.000005
0.000003
0.000052
0.006808
0.003068
0.011762
0.212676
0.001340
0.048598
0.005672
0.003139
0.003408
0.000384
0.186974
0.014809
0.720601
0.004273
0.000776
0.043917
0.000267
0.004458
0.000430
0.019924
0.003157
0.035445
0.124587
0.079299
0.052798
0.000148
0.001622
0.394155
0.005072
0.002796
0.000002
0.037462
0.253252
0.138373
0.031493
0.005925
0.027945
0.000043
0.000251
0.000046
0.156000
0.167089
0.000003
0.012949
0.008137
0.000027
0.125792
0.003409
0.001783
0.007137
0.000129
0.000225
0.000012
0.000073
0.000769
0.032003
0.002497
0.001464
0.031013
0.015349
0.553343
0.000023
0.023284
0.003752
0.000014
0.001630
0.311303
0.085524
0.615980
0.190041
0.000090
0.238513
0.560052
0.000249
0.013621
0.230129
0.000021
0.000003
0.004944
0.015455
0.014826
0.029953
0.000146
0.004252
0.005074
0.000270
0.388116
0.000155
0.133667
0.209501
0.000000
0.126035
0.013636
0.001367
0.000423
0.001498
0.000127
0.004741
0.029463
0.046458
0.001476
0.002113
0.000297
0.000000
0.052428
0.004064
0.188786
0.006864
0.005512
0.102358
0.686002
