0.924418
0.170406
0.131513
0.248688
0.028652
0.003131
0.206915
0.001795
0.429919
0.184282
0.835315
0.329745
0.115595
0.032026
0.192051
0.573307
0.426221
0.384539
0.399067
0.013868
0.200981
0.335087
0.963285
0.045461
0.085927
0.661149
0.262056
0.776435
0.197711
0.045074
0.124747
0.623437
0.008738
0.061912
0.709281
0.112006
0.344511
0.057872
0.023137
0.532805
0.171612
0.182228
0.056811
0.332803
0.410304
0.419081
0.491406
0.107808
0.521339
0.099002
0.002317
0.000012
0.021147
0.001073
0.005630
0.187482
0.105986
0.963574
0.019052
0.110159
0.178124
0.713840
0.770198
0.027354
0.532691
0.811244
0.357137
0.583125
0.927320
0.102088
0.539774
0.282143
0.024738
0.287556
0.028505
0.977439
0.070747
0.064271
0.173353
0.043964
0.141604
0.042863
0.177043
0.019023
0.021627
0.588049
0.172138
0.761890
0.224451
0.027344
0.019509
0.130593
0.465925
0.000070
0.098317
0.008990
0.204233
0.238993
0.087352
0.068267
0.266805
0.230462
0.936395
0.094701
0.024527
0.197475
0.092984
0.139693
0.795734
0.087410
0.020331
0.134264
0.515699
0.005084
0.198658
0.686946
0.092336
0.091937
0.197416
0.350468
0.050062
0.579380
0.103680
0.087969
0.178287
0.499929
0.631613
0.011866
0.309133
0.719903
0.427862
0.747819
0.000716
0.011880
0.041535
0.407103
0.080461
0.045916
0.701309
0.157853
0.003290
0.132354
0.199073
0.099494
0.274280
0.258974
0.785377
0.873725
0.300807
0.328353
0.113917
0.214120
0.197711
0.001014
0.520096
0.200383
0.036276
0.133880
0.393372
0.065008
0.029013
0.545855
0.075335
0.024238
0.143311
0.047256
0.819530
0.177367
0.057490
0.114548
0.472071
0.024664
0.003918
0.280355
0.020248
