0.377352
0.143491
0.106195
0.033336
0.001774
0.123549
0.000031
0.118514
0.941449
0.003292
0.326014
0.002664
0.250320
0.108942
0.306974
0.170354
0.102122
0.038240
0.020492
0.222432
0.158934
0.464850
0.054742
0.073609
0.007970
0.725365
0.011542
0.042971
0.043558
0.030429
0.403023
0.032108
0.237281
0.178830
0.037570
0.939747
0.215826
0.353199
0.069045
0.051550
0.726641
0.295213
0.000165
0.644898
0.116838
0.365939
0.719088
0.216524
0.034494
0.002422
0.467861
0.006738
0.630309
0.093232
0.483716
0.058054
0.016987
0.010405
0.303756
0.031493
0.095459
0.404115
0.003916
0.035317
0.242585
0.052410
0.313399
0.591689
0.334999
0.313568
0.045526
0.084410
0.151022
0.267703
0.103271
0.285900
0.036054
0.342451
0.016833
0.004331
0.073785
0.000553
0.486127
0.914841
0.072314
0.202421
0.129927
0.069856
0.670985
0.116687
0.085956
0.685648
0.130927
0.054264
0.695431
0.585469
0.071331
0.150598
0.051296
0.137630
0.050346
0.044089
0.251533
0.051188
0.095872
0.087147
0.208821
0.408801
0.065143
0.014331
0.418675
0.360271
0.840229
0.191417
0.082165
0.000192
0.379356
0.481966
0.119592
0.006800
0.389571
0.047592
0.017568
0.131807
0.015835
0.174950
0.480219
0.248971
0.078497
0.248192
0.434879
0.450155
0.028537
0.318642
0.524508
0.344152
0.231800
0.088827
0.003057
0.250677
0.805086
0.002986
0.400647
0.033689
0.058910
0.013215
0.589457
0.023051
0.078657
0.044516
0.000206
0.438723
0.646559
0.119940
0.000125
0.551382
0.395625
0.025098
0.003009
0.043729
0.122520
0.524282
0.234224
0.336145
0.000918
0.350741
0.064138
0.032830
0.116611
0.256862
0.093980
0.947938
0.298284
0.005528
0.521226
