0.402230
0.001182
0.140224
0.414225
0.056455
0.003442
0.048443
0.321713
0.130093
0.961028
0.791500
0.489203
0.062820
0.242933
0.349018
0.325582
0.379452
0.001351
0.374786
0.161115
0.031366
0.001886
0.263385
0.964763
0.654152
0.027546
0.716058
0.967297
0.021854
0.070917
0.131597
0.407602
0.093824
0.342273
0.003715
0.123947
0.055340
0.583125
0.395134
0.936461
0.093886
0.888501
0.251033
0.152396
0.231398
0.108161
0.797356
0.647864
0.253683
0.097701
0.029550
0.955317
0.085065
0.296827
0.000387
0.157217
0.317283
0.190155
0.620950
0.681869
0.193381
0.343794
0.816607
0.008485
0.023449
0.182173
0.053133
0.098773
0.192570
0.167295
0.210369
0.235851
0.043901
0.174950
0.230262
0.227210
0.121224
0.172349
0.387340
0.154117
0.009975
0.004206
0.077386
0.497155
0.008717
0.734274
0.373460
0.274127
0.960225
0.025303
0.003342
0.425503
0.118476
0.495826
0.005266
0.002697
0.539545
0.436123
0.043356
0.010700
0.004501
0.025126
0.060784
0.407103
0.010013
0.421419
0.338711
0.000650
0.093543
0.000014
0.149097
0.000139
0.041401
0.029669
0.114251
0.070240
0.001002
0.000004
0.297798
0.250463
0.671104
0.048804
0.026756
0.360918
0.011338
0.154117
0.198895
0.034745
0.048770
0.157951
0.273670
0.000787
0.029388
0.246289
0.105847
0.413822
0.008071
0.063279
0.323515
0.123153
0.178993
0.399067
0.411910
0.653440
0.299992
0.028162
0.342988
0.831162
0.695196
0.224974
0.849501
0.478040
0.000486
0.007242
0.584531
0.207160
0.016529
0.145355
0.020778
0.065008
0.006336
0.660201
0.165146
0.220556
0.358978
0.068526
0.855980
0.221978
0.434153
0.437474
0.140268
0.482622
0.909608
0.776657
0.591336
