0.002842
0.155757
0.067963
0.032770
0.310885
0.267478
0.789865
0.798650
0.377924
0.008080
0.000365
0.051386
0.094544
0.477061
0.536229
0.014607
0.000826
0.603225
0.336057
0.022142
0.648220
0.142500
0.532691
0.137979
0.937761
0.881876
0.389960
0.264497
0.262277
0.001743
0.866090
0.043186
0.002395
0.054723
0.148351
0.659964
0.310885
0.063432
0.090748
0.006717
0.161865
0.027294
0.357688
0.421114
0.072859
0.045574
0.749759
0.143491
0.483388
0.894200
0.013460
0.994459
0.060237
0.000925
0.467538
0.011325
0.000532
0.001963
0.183280
0.072413
0.251604
0.195069
0.443947
0.312979
0.422744
0.017621
0.484045
0.264719
0.115933
0.017688
0.420503
0.080136
0.018039
0.282454
0.361381
0.443842
0.071551
0.071796
0.000961
0.340222
0.000018
0.363330
0.204415
0.001412
0.506838
0.398377
0.345679
0.146962
0.116422
0.683995
0.356677
0.685412
0.248546
0.025482
0.050364
0.903420
0.107596
0.298690
0.118821
0.079919
0.082414
0.091539
0.706236
0.222496
0.021781
0.014894
0.301952
0.350468
0.306395
0.317368
0.015608
0.533033
0.538744
0.216714
0.471098
0.041669
0.008775
0.462813
0.232337
0.029877
0.908826
0.509523
0.443319
0.011954
0.296180
0.205144
0.503601
0.344332
0.511317
0.000623
0.041968
0.290649
0.009802
0.122520
0.030162
0.017032
0.531096
0.003044
0.157804
0.041445
0.134221
0.245727
0.082442
0.840130
0.012732
0.192628
0.030574
0.021187
0.644542
0.386083
0.650118
0.000569
0.040403
0.012195
0.125994
0.186748
0.345949
0.245657
0.142680
0.025228
0.041090
0.317877
0.045867
0.106300
0.065934
0.018867
0.004605
0.322313
0.047592
0.175217
0.017213
0.000590
0.000003
0.053621
0.316351
