0.294971
0.281442
0.911085
0.817444
0.396017
0.827075
0.797356
0.950600
0.682696
0.809340
0.500374
0.548271
0.944472
0.133922
0.150033
0.547695
0.143989
0.816817
0.262203
0.730115
0.566436
0.677968
0.728958
0.967071
0.115145
0.212738
0.448256
0.115857
0.126805
0.119399
0.162868
0.084268
0.558778
0.849891
0.274585
0.232270
0.632443
0.664824
0.547810
0.149752
0.080734
0.358794
0.705416
0.938726
0.395232
0.078763
0.721066
0.865718
0.089095
0.458005
0.133965
0.052226
0.172666
0.514574
0.496158
0.018341
0.762454
0.385697
0.140313
0.574007
0.289297
0.934949
0.513225
0.835718
0.014838
0.616927
0.574357
0.356127
0.898199
0.095904
0.110267
0.234359
0.999566
0.161066
0.391615
0.931665
0.695314
0.216143
0.909452
0.289536
0.623318
0.054723
0.916952
0.292964
0.424378
0.252105
0.765267
0.175913
0.897372
0.265240
0.739571
0.705064
0.556116
0.044627
0.223994
0.342005
0.241199
0.823265
0.482076
0.688834
0.286136
0.368560
0.253180
0.328701
0.763693
0.018313
0.592864
0.565971
0.410504
0.175163
0.860173
0.953957
0.877426
0.633866
0.047677
0.282844
0.418269
0.827793
0.348565
0.442272
0.719321
0.606410
0.284644
0.458111
0.281831
0.324461
0.471747
0.319578
0.476300
0.559589
0.221007
0.602046
0.513562
0.469155
0.048426
0.210058
0.661387
0.031424
0.722229
0.274280
0.602871
0.028663
0.568530
0.811561
0.673235
0.966434
0.436539
0.017971
0.987979
0.446046
0.018128
0.974204
0.459925
0.701074
0.922621
0.738421
0.697784
0.660082
0.581954
0.831060
0.295938
0.277267
0.106265
0.458111
0.137805
0.385021
0.044691
0.005811
0.590044
0.249610
0.710217
0.880814
0.900744
0.438306
0.343883
