0.006477
0.000002
0.005030
0.000861
0.167501
0.000444
0.000300
0.000562
0.023449
0.007553
0.114548
0.087792
0.000341
0.367155
0.000000
0.069616
0.048169
0.000067
0.060889
0.000050
0.074139
0.000621
0.004897
0.000313
0.001069
0.942817
0.016053
0.523829
0.000433
0.021659
0.121655
0.087763
0.443214
0.001033
0.027587
0.016084
0.020149
0.001980
0.058644
0.089065
0.000907
0.000018
0.007911
0.258609
0.099560
0.016380
0.106859
0.002157
0.000544
0.042573
0.001468
0.000008
0.000002
0.000028
0.001798
0.123669
0.003191
0.073584
0.000141
0.022142
0.000237
0.190041
0.257880
0.000092
0.133965
0.000000
0.000289
0.188275
0.000296
0.000146
0.204597
0.012889
0.000090
0.000153
0.007703
0.000012
0.002191
0.000031
0.000031
0.016121
0.000013
0.254763
0.004841
0.095618
0.014179
0.457792
0.017226
0.006654
0.000061
0.000261
0.004919
0.000029
0.140180
0.000421
0.014480
0.053564
0.000043
0.022150
0.118860
0.076941
0.000026
0.000009
0.007951
0.032249
0.000000
0.002715
0.000020
0.007076
0.006013
0.002649
0.018881
0.130509
0.087763
0.176773
0.472504
0.281676
0.000027
0.000447
0.006935
0.010405
0.073710
0.000000
0.057832
0.001109
0.068220
0.010025
0.737270
0.000045
0.000055
0.000708
0.005462
0.000362
0.098610
0.003197
0.002747
0.113954
0.014168
0.276805
0.015221
0.051026
0.002795
0.000004
0.000151
0.004444
0.002957
0.000021
0.034457
0.000021
0.098187
0.000995
0.181346
0.000497
0.005276
0.006544
0.378878
0.021530
0.004847
0.004980
0.018445
0.095936
0.035304
0.575874
0.142995
0.000000
0.014458
0.000004
0.000260
0.089214
0.000005
0.007120
0.000001
0.004394
0.000000
0.010325
0.000638
