0.001239
0.000180
0.675365
0.013496
0.039005
0.000571
0.308884
0.207651
0.000442
0.021226
0.085380
0.001021
0.001788
0.001054
0.026471
0.000024
0.411407
0.431053
0.000057
0.000235
0.090204
0.000146
0.137543
0.549422
0.025397
0.003448
0.056238
0.000022
0.001811
0.021187
0.000001
0.000541
0.022051
0.002184
0.000006
0.007415
0.016586
0.581135
0.000004
0.234359
0.000066
0.626754
0.624621
0.004627
0.005158
0.181456
0.130176
0.003398
0.000124
0.035394
0.000254
0.028328
0.007917
0.013210
0.000117
0.000026
0.007908
0.202060
0.790301
0.002443
0.030107
0.168068
0.364820
0.000060
0.001594
0.264274
0.000207
0.000036
0.006648
0.003062
0.033202
0.009878
0.005404
0.000132
0.043263
0.000007
0.035548
0.007415
0.001549
0.023458
0.052262
0.002145
0.004905
0.040157
0.000334
0.307140
0.149658
0.001803
0.109370
0.003031
0.000004
0.278808
0.028495
0.477714
0.072067
0.000003
0.002416
0.034220
0.160617
0.003806
0.001008
0.036539
0.000111
0.001358
0.022668
0.209253
0.000201
0.000156
0.002418
0.000002
0.368842
0.000064
0.308468
0.009421
0.032782
0.518291
0.021266
0.000000
0.284800
0.607826
0.000451
0.000223
0.277343
0.000039
0.002032
0.000003
0.061869
0.000202
0.234359
0.395330
0.145584
0.000005
0.002479
0.139870
0.002784
0.072141
0.083337
0.011083
0.009609
0.070893
0.000019
0.088116
0.000065
0.029377
0.000517
0.000007
0.008090
0.017298
0.038378
0.000939
0.251461
0.004108
0.000514
0.000074
0.018313
0.638847
0.022142
0.000131
0.000318
0.004439
0.006172
0.015514
0.010613
0.004354
0.000402
0.012332
0.352105
0.220814
0.060678
0.003274
0.000463
0.103850
0.020974
0.149190
0.019074
