0.000020
0.027244
0.008602
0.000000
0.003783
0.000845
0.202903
0.000016
0.001409
0.021570
0.000521
0.000242
0.000018
0.341915
0.015112
0.000382
0.155903
0.004380
0.023215
0.001475
0.197416
0.001107
0.000069
0.000271
0.000221
0.000854
0.024509
0.022316
0.006730
0.011712
0.121851
0.002587
0.058257
0.015496
0.000743
0.001235
0.004738
0.001080
0.000011
0.258098
0.000123
0.000301
0.022349
0.330442
0.000695
0.291127
0.000718
0.017220
0.000002
0.026198
0.004115
0.000714
0.002427
0.448151
0.000006
0.059425
0.001813
0.015549
0.000010
0.022026
0.000499
0.052060
0.000122
0.000003
0.034307
0.016782
0.001939
0.000480
0.013029
0.000162
0.001164
0.006467
0.000217
0.000309
0.002351
0.011404
0.013673
0.019924
0.000914
0.017213
0.027750
0.000170
0.002702
0.239612
0.052631
0.001955
0.000359
0.004907
0.042467
0.718273
0.164232
0.040578
0.000002
0.018732
0.070650
0.120172
0.094230
0.004616
0.001815
0.009264
0.005690
0.002037
0.000006
0.151164
0.000667
0.000000
0.000094
0.000320
0.004389
0.152111
0.224124
0.041983
0.000132
0.007562
0.000470
0.225564
0.000098
0.383191
0.000157
0.004537
0.080298
0.162316
0.043232
0.005770
0.001741
0.002773
0.008938
0.034834
0.014843
0.001795
0.040389
0.021643
0.027334
0.000460
0.000035
0.001984
0.160468
0.000817
0.000012
0.000081
0.012361
0.515586
0.019124
0.000621
0.011413
0.001306
0.000089
0.875265
0.624029
0.002739
0.000003
0.032038
0.000114
0.000008
0.131891
0.001091
0.002103
0.108835
0.040215
0.000010
0.000281
0.009402
0.000004
0.000460
0.009890
0.000017
0.000581
0.000024
0.219013
0.008341
0.001155
0.001464
0.000102
0.023907
0.298934
