0.396901
0.187539
0.080679
0.330704
0.460673
0.001510
0.000660
0.297393
0.094042
0.823781
0.054264
0.786255
0.391615
0.388019
0.121341
0.051116
0.392884
0.003709
0.119129
0.343435
0.100055
0.046458
0.017383
0.600632
0.673235
0.064116
0.151874
0.517727
0.002509
0.018487
0.000057
0.095840
0.034158
0.047390
0.219783
0.113363
0.449205
0.044978
0.577510
0.823265
0.115370
0.172296
0.117331
0.368185
0.830143
0.406205
0.006765
0.171034
0.002688
0.344870
0.043854
0.065775
0.133115
0.209130
0.330268
0.006596
0.044278
0.024301
0.066116
0.069928
0.125068
0.023484
0.113032
0.806791
0.059986
0.005032
0.806258
0.439035
0.562371
0.000086
0.414527
0.265686
0.807960
0.196533
0.141157
0.312057
0.011273
0.818071
0.149893
0.016182
0.730347
0.103578
0.058931
0.198777
0.063917
0.019693
0.481420
0.195361
0.064896
0.150692
0.056851
0.673827
0.025642
0.033094
0.491627
0.603579
0.139120
0.423561
0.003587
0.016737
0.438723
0.248758
0.999914
0.043248
0.138154
0.095459
0.057190
0.002573
0.096222
0.238033
0.022770
0.189128
0.413822
0.312140
0.204719
0.017403
0.065030
0.370816
0.233212
0.261687
0.126643
0.035253
0.469910
0.079919
0.050204
0.430022
0.327659
0.287082
0.773211
0.551612
0.248900
0.051206
0.048272
0.124987
0.232942
0.658303
0.130176
0.004968
0.018831
0.131975
0.004268
0.531552
0.290649
0.067799
0.592512
0.157461
0.886774
0.000339
0.073509
0.013501
0.002907
0.438931
0.108338
0.368936
0.449838
0.971624
0.556579
0.018838
0.440391
0.401636
0.054877
0.557389
0.972972
0.991787
0.157559
0.724553
0.007163
0.184505
0.589927
0.483497
0.226550
0.189698
0.240163
0.248617
0.219205
