0.120211
0.230129
0.166013
0.121420
0.088028
0.196592
0.091447
0.049939
0.008058
0.049325
0.037165
0.004363
0.448994
0.007197
0.062690
0.142815
0.006116
0.046474
0.914233
0.333417
0.085610
0.123073
0.560168
0.670038
0.675247
0.731849
0.862816
0.228201
0.005659
0.034220
0.007354
0.376496
0.017489
0.834407
0.008813
0.357045
0.510195
0.267778
0.045737
0.081391
0.488763
0.556348
0.068126
0.015561
0.072388
0.053208
0.095713
0.049412
0.465925
0.090718
0.896375
0.330791
0.317792
0.236940
0.187708
0.022383
0.000208
0.184561
0.117521
0.004271
0.191015
0.624740
0.694843
0.060932
0.525529
0.036015
0.180194
0.196357
0.001452
0.005257
0.119283
0.719088
0.205327
0.020309
0.051586
0.390447
0.381270
0.028684
0.000646
0.054360
0.096254
0.020531
0.416547
0.008429
0.072462
0.133327
0.557273
0.483497
0.190441
0.466247
0.070336
0.023026
0.308800
0.496047
0.404314
0.770198
0.185456
0.159675
0.803162
0.844200
0.030652
0.409001
0.028432
0.020608
0.157168
0.096095
0.025079
0.022966
0.120134
0.265761
0.104948
0.294007
0.001992
0.109800
0.462063
0.572724
0.164333
0.023484
0.074747
0.066322
0.002872
0.215382
0.016448
0.069640
0.062235
0.877426
0.007497
0.088560
0.116876
0.240301
0.015343
0.355943
0.000073
0.045510
0.081888
0.612788
0.136803
0.632917
0.093046
0.353016
0.053583
0.287635
0.014792
0.000880
0.076497
0.136413
0.029002
0.000508
0.120250
0.349199
0.818592
0.589927
0.062127
0.008823
0.561443
0.656643
0.450155
0.112225
0.840728
0.152730
0.302935
0.011299
0.290967
0.101954
0.315421
0.203507
0.000724
0.074316
0.040753
0.052594
0.270108
0.702131
0.578795
0.011739
0.000208
