0.167553
0.472829
0.145127
0.609362
0.006361
0.207958
0.425913
0.036579
0.079460
0.063169
0.018155
0.062538
0.054992
0.011100
0.501152
0.172402
0.054800
0.353290
0.358609
0.929957
0.078924
0.538515
0.097345
0.276115
0.121029
0.118975
0.819113
0.166627
0.310050
0.083702
0.228798
0.023137
0.438931
0.001296
0.184003
0.617400
0.005556
0.336587
0.006165
0.583828
0.330791
0.118744
0.878947
0.003368
0.251033
0.010634
0.066162
0.076471
0.595686
0.541722
0.915371
0.116083
0.390544
0.251461
0.027811
0.033689
0.785157
0.316690
0.621305
0.032722
0.011609
0.151921
0.107949
0.017429
0.021402
0.075566
0.137281
0.250534
0.653084
0.374691
0.002941
0.128235
0.352105
0.104570
0.080679
0.058176
0.565158
0.531438
0.300971
0.122796
0.022167
0.729768
0.374596
0.010770
0.986090
0.003281
0.006516
0.003888
0.006957
0.021092
0.374028
0.603225
0.126765
0.013159
0.554267
0.413318
0.151542
0.000354
0.313147
0.465495
0.581954
0.915296
0.067011
0.767511
0.006209
0.412714
0.682932
0.160568
0.784278
0.039471
0.285036
0.100518
0.370252
0.145218
0.336852
0.193671
0.092860
0.021871
0.098090
0.607236
0.030351
0.963044
0.011040
0.035177
0.499041
0.373649
0.321885
0.517276
0.465602
0.151684
0.178016
0.108409
0.068502
0.032998
0.001320
0.016763
0.150456
0.075464
0.229862
0.214624
0.001177
0.033082
0.062235
0.108871
0.207160
0.314578
0.013311
0.028307
0.493724
0.022092
0.001580
0.200622
0.113253
0.172771
0.439661
0.137412
0.518742
0.422030
0.456302
0.280200
0.003317
0.304497
0.056712
0.280588
0.946280
0.384828
0.665654
0.041194
0.573657
0.010696
0.616335
0.128810
0.892852
0.071063
0.017842
