0.996389
0.989870
0.168482
0.125873
0.440495
0.731272
0.002559
0.696020
0.508292
0.099560
0.155612
0.397589
0.679268
0.973731
0.297636
0.098415
0.281442
0.073735
0.430434
0.976340
0.399264
0.478258
0.749873
0.562255
0.826459
0.294730
0.365286
0.535543
0.305569
0.178721
0.505274
0.153303
0.376305
0.006216
0.334647
0.018634
0.089394
0.514236
0.210741
0.354295
0.051134
0.773990
0.909998
0.039075
0.783288
0.004649
0.480656
0.354295
0.129430
0.928506
0.834305
0.278576
0.240508
0.301297
0.324031
0.308219
0.374502
0.571674
0.007902
0.098025
0.511204
0.016929
0.145401
0.001391
0.074671
0.798543
0.841126
0.596039
0.217096
0.044834
0.072264
0.287951
0.414124
0.306560
0.933284
0.604640
0.306230
0.592159
0.877067
0.995147
0.593569
0.733582
0.775658
0.532121
0.719321
0.980048
0.130593
0.862345
0.637542
0.678322
0.446467
0.798111
0.802198
0.693077
0.963622
0.261835
0.640864
0.017829
0.495715
0.935543
0.425503
0.830347
0.002165
0.756691
0.719554
0.519532
0.374502
0.515024
0.232673
0.214877
0.520774
0.051532
0.597452
0.666010
0.801983
0.661861
0.418776
0.753287
0.009494
0.457153
0.980809
0.761439
0.339688
0.011475
0.674537
0.367061
0.943002
0.700605
0.229862
0.629361
0.010741
0.040724
0.469263
0.284173
0.004314
0.903501
0.786912
0.917027
0.866463
0.424787
0.593687
0.914462
0.111278
0.145446
0.795734
0.267404
0.589692
0.007305
0.104741
0.657117
0.869701
0.656643
0.952127
0.382710
0.030979
0.153733
0.180194
0.169572
0.914157
0.892429
0.230129
0.215319
0.041046
0.530869
0.567250
0.204415
0.589457
0.510195
0.422030
0.216206
0.662928
0.508292
0.161615
0.233144
0.355576
