0.128235
0.240784
0.186298
0.324375
0.094764
0.300562
0.020585
0.851447
0.275349
0.115632
0.046507
0.306560
0.569578
0.871079
0.235579
0.202903
0.348927
0.192512
0.000265
0.344870
0.187765
0.091417
0.000067
0.668142
0.362309
0.669682
0.616099
0.134221
0.022117
0.409903
0.415941
0.001064
0.045461
0.677258
0.506168
0.849013
0.025191
0.003886
0.141024
0.145767
0.147980
0.026765
0.492620
0.123430
0.029680
0.194602
0.000073
0.724204
0.167501
0.090355
0.166013
0.013373
0.156583
0.266134
0.132396
0.793783
0.075412
0.001368
0.007342
0.299178
0.499374
0.511990
0.616099
0.000836
0.157755
0.322142
0.177745
0.199966
0.714307
0.088560
0.395428
0.133667
0.049238
0.018176
0.010791
0.278036
0.342273
0.322570
0.004876
0.850280
0.203870
0.441540
0.026227
0.006138
0.295938
0.012984
0.070240
0.057050
0.744961
0.000873
0.002629
0.043901
0.365939
0.387631
0.225893
0.263163
0.093605
0.531096
0.335352
0.001031
0.005374
0.000244
0.004694
0.130676
0.249326
0.478476
0.039827
0.642406
0.000070
0.061314
0.090054
0.028048
0.002285
0.001617
0.026647
0.151353
0.014894
0.192917
0.002567
0.959361
0.291366
0.129306
0.025444
0.154887
0.012949
0.429713
0.239406
0.761552
0.129969
0.199489
0.109692
0.292084
0.388406
0.235919
0.782628
0.677613
0.342183
0.105017
0.094011
0.112811
0.514686
0.127661
0.071453
0.263977
0.417560
0.000115
0.149799
0.028027
0.060153
0.033812
0.334207
0.058603
0.131345
0.185456
0.045413
0.501486
0.137238
0.592864
0.005641
0.000764
0.069640
0.128030
0.051823
0.036224
0.121459
0.523149
0.152777
0.878411
0.086419
0.343077
0.380217
0.389766
0.088442
0.048598
0.222821
