0.000254
0.000469
0.004474
0.152587
0.000364
0.362866
0.189584
0.000816
0.385600
0.005539
0.019081
0.082470
0.265091
0.016017
0.012639
0.044516
0.020615
0.000059
0.572840
0.014787
0.120717
0.000992
0.001688
0.008058
0.000116
0.000322
0.000001
0.000012
0.088294
0.020662
0.080953
0.109728
0.000922
0.000000
0.000085
0.022433
0.038364
0.000473
0.193787
0.007191
0.061612
0.131975
0.071112
0.125188
0.000054
0.081309
0.003502
0.137107
0.001377
0.000163
0.001611
0.000668
0.001808
0.000000
0.000202
0.000056
0.015484
0.112079
0.012285
0.009075
0.000457
0.080298
0.013393
0.039927
0.009859
0.179975
0.002224
0.044452
0.019377
0.001217
0.008380
0.000381
0.073283
0.019016
0.000009
0.005415
0.000139
0.349289
0.014028
0.000684
0.048186
0.016411
0.006940
0.041983
0.000001
0.037665
0.000051
0.002209
0.539202
0.012889
0.005585
0.379260
0.016047
0.002713
0.170250
0.031309
0.027648
0.060216
0.001370
0.004385
0.010515
0.116687
0.352743
0.050721
0.000328
0.027233
0.004283
0.029269
0.000075
0.000535
0.319067
0.177421
0.097830
0.016712
0.000003
0.016311
0.000080
0.005428
0.003518
0.094324
0.001079
0.020104
0.000512
0.000000
0.039258
0.082026
0.000388
0.590397
0.054341
0.000379
0.019619
0.056356
0.133667
0.099692
0.018080
0.000031
0.000002
0.024166
0.036473
0.000148
0.019775
0.024301
0.447624
0.016392
0.010490
0.000161
0.545510
0.370534
0.044675
0.003250
0.065526
0.012280
0.000977
0.000000
0.024265
0.079622
0.000169
0.067823
0.510083
0.002496
0.002159
0.021667
0.048908
0.000567
0.029044
0.000046
0.000216
0.002080
0.002138
0.002221
0.004311
0.000002
0.002279
0.000457
0.001039
