0.250819
0.557273
0.608653
0.255486
0.586641
0.058135
0.110844
0.783729
0.267404
0.291925
0.212488
0.098122
0.308634
0.773767
0.072289
0.002190
0.583242
0.329571
0.440809
0.144216
0.809869
0.182782
0.828714
0.196710
0.158295
0.017410
0.125954
0.007815
0.508068
0.281442
0.999422
0.943494
0.836825
0.651542
0.049255
0.275043
0.722578
0.075207
0.818279
0.066413
0.169468
0.527458
0.406704
0.412211
0.825431
0.573890
0.059363
0.224647
0.640152
0.280821
0.346489
0.093294
0.348565
0.228467
0.823575
0.982120
0.321029
0.085553
0.417357
0.925415
0.319067
0.123470
0.498708
0.112775
0.407802
0.714191
0.789974
0.895290
0.714541
0.522923
0.205998
0.121380
0.619175
0.395232
0.252678
0.462491
0.107596
0.629598
0.749873
0.994221
0.583828
0.491627
0.673116
0.561791
0.842319
0.299422
0.338889
0.457153
0.002475
0.932071
0.736349
0.894284
0.893696
0.340133
0.538630
0.334735
0.586172
0.207405
0.406704
0.882229
0.227078
0.826767
0.291206
0.992877
0.693312
0.409101
0.362030
0.316013
0.701192
0.668735
0.050116
0.247839
0.578912
0.441017
0.472288
0.780311
0.043356
0.059840
0.325151
0.774880
0.232203
0.788117
0.823471
0.285743
0.892767
0.074595
0.277343
0.841026
0.634696
0.890217
0.240508
0.558199
0.540920
0.112408
0.870436
0.127375
0.667313
0.071870
0.696726
0.437786
0.122520
0.008962
0.653321
0.040042
0.992720
0.000015
0.378019
0.338002
0.368279
0.088234
0.403420
0.875446
0.042104
0.678441
0.518742
0.138856
0.010613
0.319919
0.140846
0.133454
0.343167
0.454708
0.125430
0.168120
0.788663
0.021683
0.370063
0.342273
0.475323
0.557389
0.320516
0.326360
0.509971
0.454283
0.414326
