0.000011
0.127049
0.059095
0.083224
0.002833
0.000018
0.010955
0.011631
0.001224
0.112554
0.000759
0.000104
0.162015
0.180304
0.075258
0.092428
0.011524
0.033763
0.006683
0.000020
0.182173
0.001817
0.000221
0.027043
0.020286
0.001088
0.006177
0.000439
0.770086
0.000000
0.038503
0.048460
0.003444
0.027193
0.000000
0.018313
0.022634
0.003794
0.002815
0.057150
0.067381
0.000772
0.009366
0.105535
0.005583
0.001192
0.176450
0.080789
0.000024
0.001894
0.054589
0.005314
0.159774
0.194544
0.005460
0.000829
0.000334
0.007535
0.037246
0.006680
0.000010
0.010745
0.011217
0.000258
0.052798
0.000181
0.000002
0.000842
0.022316
0.029119
0.000357
0.000958
0.001196
0.000204
0.000004
0.108835
0.039556
0.096831
0.000009
0.000676
0.004124
0.111025
0.000035
0.012722
0.014613
0.002346
0.035228
0.000385
0.058603
0.045526
0.415941
0.008927
0.094230
0.078763
0.000376
0.163120
0.034986
0.029833
0.051604
0.000309
0.033616
0.000157
0.003060
0.017129
0.120250
0.000112
0.000423
0.389766
0.000001
0.008234
0.104501
0.050524
0.004657
0.004389
0.000715
0.258536
0.057792
0.107878
0.164485
0.062973
0.000251
0.017735
0.010293
0.625924
0.050560
0.003072
0.000057
0.000006
0.001283
0.003348
0.515249
0.012139
0.041061
0.145904
0.001186
0.000483
0.054666
0.000523
0.000000
0.005823
0.001599
0.378210
0.052391
0.025977
0.018938
0.355576
0.002996
0.170354
0.593334
0.000445
0.003168
0.020119
0.001732
0.015008
0.039499
0.001196
0.001092
0.006283
0.009594
0.083900
0.000886
0.023925
0.000157
0.002798
0.000201
0.004317
0.004620
0.003085
0.008052
0.000094
0.038711
0.166679
0.000287
0.001018
0.377067
