0.844793
0.004391
0.044962
0.599807
0.283001
0.751581
0.224712
0.120405
0.374217
0.209563
0.972972
0.330617
0.223016
0.641101
0.546545
0.132692
0.719786
0.441122
0.694490
0.566087
0.546430
0.302935
0.264422
0.642287
0.474129
0.019612
0.982800
0.767287
0.456089
0.116422
0.657592
0.569694
0.130801
0.244676
0.119630
0.049517
0.433118
0.460886
0.159576
0.131807
0.132481
0.452375
0.225827
0.005724
0.650949
0.085266
0.941073
0.145767
0.430228
0.626161
0.844398
0.348927
0.867577
0.655338
0.085841
0.668024
0.872906
0.758390
0.454283
0.561791
0.434257
0.098285
0.494719
0.830551
0.379834
0.485688
0.220040
0.797356
0.785816
0.839031
0.213114
0.122638
0.237555
0.380983
0.148026
0.996584
0.025986
0.783729
0.163827
0.616217
0.273670
0.029485
0.712789
0.070771
0.819738
0.973810
0.139252
0.162818
0.229197
0.696843
0.090415
0.340222
0.481529
0.565739
0.771984
0.036106
0.412312
0.336410
0.989088
0.851155
0.799297
0.017475
0.295777
0.564229
0.629479
0.418675
0.507956
0.323859
0.527571
0.966526
0.191475
0.650949
0.195302
0.715008
0.152920
0.145675
0.822954
0.385890
0.028089
0.911318
0.851447
0.089543
0.239887
0.868225
0.884599
0.283235
0.654626
0.842715
0.725481
0.547350
0.072289
0.783729
0.588753
0.270939
0.023677
0.393372
0.057210
0.756011
0.906459
0.033972
0.653796
0.389280
0.429816
0.128769
0.149565
0.380312
0.131471
0.360363
0.102493
0.590749
0.051495
0.284722
0.302279
0.111097
0.006749
0.573773
0.107350
0.476843
0.159428
0.821297
0.646203
0.617045
0.555076
0.498264
0.648932
0.537600
0.090718
0.185792
0.829123
0.620832
0.030990
0.060237
0.937372
0.408701
0.579380
