0.003166
0.187708
0.019182
0.027597
0.000075
0.000078
0.002214
0.045867
0.002103
0.025079
0.151732
0.027638
0.000148
0.234697
0.000210
0.001265
0.000005
0.005872
0.000005
0.024940
0.004423
0.136630
0.001923
0.000274
0.026315
0.000827
0.164841
0.113511
0.000052
0.001357
0.071698
0.236191
0.016287
0.133454
0.019590
0.072018
0.000004
0.189984
0.026854
0.002626
0.000131
0.009940
0.007006
0.000037
0.634340
0.003518
0.216905
0.010048
0.187143
0.001547
0.053189
0.014647
0.000008
0.113289
0.017226
0.000724
0.000023
0.258828
0.000010
0.036751
0.059384
0.005659
0.158049
0.025070
0.000217
0.000368
0.000927
0.000058
0.001035
0.000000
0.006406
0.019604
0.015829
0.000248
0.093636
0.000014
0.000620
0.002105
0.000136
0.504047
0.074926
0.001944
0.001289
0.000425
0.069330
0.033082
0.080734
0.008419
0.329745
0.000574
0.023215
0.000447
0.013260
0.001127
0.003756
0.032213
0.052447
0.008489
0.046739
0.033750
0.002022
0.000468
0.000433
0.087235
0.004146
0.074671
0.000689
0.000229
0.013974
0.000000
0.000061
0.001260
0.469694
0.025482
0.089873
0.000014
0.002667
0.001797
0.012630
0.000342
0.640033
0.004929
0.008813
0.000501
0.000158
0.100452
0.016942
0.000242
0.000037
0.001675
0.725249
0.612315
0.024220
0.077913
0.111533
0.047357
0.012323
0.084609
0.005521
0.038323
0.058034
0.122757
0.491517
0.005030
0.005636
0.003497
0.044627
0.038544
0.000001
0.006281
0.150456
0.005581
0.000289
0.008324
0.021554
0.001990
0.001468
0.008768
0.005984
0.006728
0.007688
0.000816
0.001801
0.000542
0.000016
0.075156
0.165706
0.274890
0.000000
0.002440
0.000556
0.000001
0.002908
0.003730
0.034532
