0.180797
0.019182
0.017370
0.042104
0.083985
0.128153
0.192166
0.001225
0.755558
0.164536
0.588049
0.755785
0.023730
0.228732
0.000001
0.585351
0.142995
0.001794
0.323000
0.040694
0.800373
0.856363
0.000235
0.008367
0.455026
0.299503
0.580199
0.225105
0.000399
0.020263
0.091325
0.071355
0.085668
0.103102
0.211301
0.636831
0.203567
0.068056
0.998122
0.066803
0.001100
0.073059
0.003071
0.179811
0.249467
0.019167
0.553228
0.284957
0.005018
0.558199
0.000390
0.616335
0.107878
0.000720
0.460993
0.645016
0.366593
0.214372
0.030262
0.454071
0.000352
0.311973
0.842715
0.047948
0.201640
0.023624
0.027699
0.091631
0.073059
0.095840
0.117217
0.169104
0.037125
0.285743
0.125914
0.000598
0.016127
0.008879
0.013342
0.569810
0.021716
0.311470
0.046524
0.263089
0.079004
0.876438
0.122480
0.155032
0.493393
0.320431
0.180962
0.006635
0.859889
0.022889
0.150127
0.655219
0.523376
0.780753
0.538401
0.001293
0.297636
0.000307
0.044278
0.746448
0.037706
0.018570
0.040973
0.721415
0.247698
0.171402
0.686592
0.750898
0.677495
0.603107
0.624503
0.081254
0.001110
0.070626
0.400745
0.575991
0.086652
0.012742
0.797032
0.531096
0.274967
0.023077
0.628531
0.243489
0.225958
0.007785
0.713724
0.390544
0.210306
0.133327
0.000265
0.343256
0.497598
0.898282
0.009516
0.156388
0.159378
0.021985
0.000961
0.020051
0.421521
0.000203
0.020786
0.025472
0.457898
0.003596
0.026994
0.648101
0.442586
0.094607
0.064851
0.020301
0.050364
0.142275
0.080190
0.366967
0.228665
0.588636
0.859984
0.090446
0.109227
0.289774
0.011286
0.037313
0.010369
0.325324
0.130176
0.363330
0.009025
0.001597
0.001609
