0.193613
0.388794
0.069235
0.899435
0.879571
0.141962
0.351286
0.765042
0.301297
0.576458
0.312895
0.571325
0.362494
0.009874
0.422132
0.207344
0.826767
0.332453
0.043279
0.762116
0.471963
0.132101
0.675247
0.754991
0.922765
0.368279
0.282766
0.708111
0.977655
0.203809
0.458431
0.470234
0.856746
0.498597
0.070457
0.763693
0.858749
0.100055
0.721532
0.445731
0.204112
0.636475
0.058359
0.695431
0.071698
0.914462
0.070771
0.331228
0.676193
0.229130
0.092582
0.546315
0.164181
0.414527
0.385310
0.524962
0.435293
0.795518
0.568646
0.003173
0.239406
0.885384
0.763580
0.701896
0.278808
0.280433
0.487994
0.527344
0.750670
0.577510
0.008144
0.444576
0.260438
0.163070
0.116952
0.863004
0.962655
0.323171
0.345140
0.542754
0.466032
0.398574
0.050900
0.784608
0.488214
0.494940
0.690720
0.484264
0.721299
0.401933
0.343435
0.023043
0.445311
0.296019
0.798003
0.458325
0.073735
0.173353
0.838230
0.844398
0.689541
0.529617
0.748846
0.087235
0.765042
0.083702
0.297150
0.444367
0.108728
0.240025
0.294489
0.551266
0.226221
0.698254
0.123470
0.488324
0.487994
0.331140
0.155080
0.828816
0.651779
0.833800
0.572840
0.613497
0.029044
0.926265
0.092152
0.373555
0.257371
0.431156
0.493061
0.999671
0.980645
0.159428
0.910154
0.062929
0.421521
0.028516
0.525756
0.259412
0.653559
0.677731
0.321970
0.912397
0.458218
0.561675
0.249113
0.657117
0.784608
0.265537
0.031851
0.477605
0.792044
0.857128
0.198066
0.366593
0.428170
0.085956
0.107737
0.387244
0.730693
0.127131
0.500040
0.331752
0.557505
0.036054
0.825534
0.052134
0.632561
0.955046
0.548156
0.395428
0.123034
0.982400
0.166269
