0.004970
0.166166
0.366500
0.247698
0.185680
0.001126
0.192859
0.378306
0.106369
0.031527
0.509635
0.001433
0.765716
0.541034
0.474997
0.285193
0.045364
0.681632
0.306478
0.006570
0.154743
0.193729
0.244396
0.074646
0.715124
0.002106
0.054018
0.053264
0.900581
0.003774
0.339777
0.411910
0.016398
0.618583
0.016417
0.758842
0.008823
0.120561
0.873906
0.743702
0.286609
0.316013
0.252248
0.329223
0.842319
0.031921
0.286215
0.245867
0.090174
0.028338
0.026334
0.043017
0.265761
0.892174
0.511204
0.062798
0.333329
0.419487
0.711387
0.050774
0.025871
0.150362
0.133115
0.089813
0.275196
0.111025
0.112225
0.010305
0.662335
0.201280
0.501041
0.018676
0.122638
0.058054
0.234089
0.042164
0.472396
0.112408
0.403718
0.040447
0.221007
0.397688
0.000405
0.050346
0.605112
0.116914
0.442690
0.310217
0.849111
0.290330
0.583242
0.381366
0.342630
0.626635
0.179429
0.713957
0.010621
0.265389
0.621897
0.208759
0.430331
0.002365
0.344511
0.708462
0.978295
0.005519
0.163827
0.830245
0.146870
0.063586
0.058014
0.244606
0.799727
0.163524
0.022693
0.357596
0.019465
0.597569
0.218116
0.079406
0.222042
0.173142
0.305486
0.213365
0.091692
0.334471
0.168897
0.033824
0.073208
0.147933
0.500818
0.080789
0.247345
0.299910
0.574590
0.469694
0.061378
0.085927
0.019002
0.433222
0.079138
0.853479
0.121537
0.027455
0.197948
0.168017
0.295616
0.063125
0.687064
0.238650
0.067636
0.003625
0.464421
0.038254
0.401042
0.069760
0.009669
0.077439
0.086681
0.042436
0.197416
0.086390
0.273137
0.242099
0.001926
0.093855
0.387922
0.161415
0.005393
0.264868
0.359624
0.283704
0.620713
0.069904
0.167038
