0.009940
0.085065
0.015692
0.960527
0.128153
0.004005
0.078470
0.177529
0.855884
0.665536
0.628768
0.023008
0.085754
0.016668
0.362123
0.536114
0.236055
0.042421
0.374502
0.012437
0.582422
0.382999
0.435293
0.939874
0.000174
0.103339
0.203930
0.111824
0.788663
0.287951
0.088768
0.002321
0.291925
0.016078
0.099199
0.013841
0.128071
0.162115
0.868594
0.001033
0.650830
0.279581
0.421725
0.032532
0.000023
0.217733
0.000434
0.186410
0.345859
0.275043
0.029800
0.661861
0.006278
0.463992
0.701896
0.004168
0.485469
0.131052
0.116271
0.011935
0.051550
0.004583
0.259925
0.267329
0.915296
0.004300
0.111387
0.589457
0.001713
0.057731
0.018480
0.156729
0.267703
0.858464
0.404016
0.052539
0.000722
0.367716
0.002980
0.033935
0.365472
0.083956
0.032061
0.052576
0.703657
0.030229
0.087410
0.840030
0.082165
0.378974
0.855884
0.165044
0.068220
0.747476
0.037979
0.702483
0.004458
0.151353
0.115220
0.128358
0.076082
0.111605
0.000049
0.056179
0.573773
0.191245
0.104158
0.487225
0.270787
0.130968
0.000065
0.184338
0.489203
0.029334
0.177908
0.514349
0.451846
0.470666
0.089993
0.081860
0.023554
0.000463
0.178287
0.019450
0.329919
0.009454
0.162115
0.724320
0.035394
0.348565
0.174576
0.008452
0.001607
0.000283
0.307472
0.012466
0.091082
0.018669
0.495826
0.036028
0.296261
0.844299
0.414023
0.032746
0.001767
0.298609
0.033714
0.027842
0.176989
0.063608
0.003606
0.567367
0.054474
0.981647
0.174416
0.077176
0.273746
0.226616
0.001631
0.213742
0.031724
0.693194
0.067381
0.285664
0.057289
0.005482
0.504605
0.626517
0.000126
0.006114
0.028432
0.206242
0.683641
0.726641
0.819322
