0.000001
0.004082
0.000624
0.112481
0.000006
0.006452
0.654745
0.000112
0.000341
0.001305
0.138900
0.001946
0.245166
0.000101
0.111860
0.014770
0.001469
0.673235
0.002314
0.015402
0.000003
0.043232
0.001488
0.141917
0.061314
0.000823
0.004141
0.053096
0.010285
0.003980
0.001103
0.017849
0.000482
0.095681
0.008344
0.000502
0.000089
0.053527
0.003877
0.263755
0.001273
0.072810
0.006273
0.008810
0.000028
0.010976
0.000007
0.000000
0.094953
0.006905
0.064560
0.000025
0.002450
0.370157
0.001919
0.000875
0.000086
0.132988
0.085094
0.002734
0.144853
0.229130
0.000079
0.000499
0.000416
0.007377
0.000250
0.025728
0.001301
0.016776
0.000272
0.041848
0.023206
0.061655
0.005729
0.000483
0.007067
0.001688
0.203386
0.285271
0.005117
0.001430
0.000061
0.000001
0.081364
0.000099
0.000003
0.000425
0.005570
0.009246
0.000026
0.002848
0.000541
0.519419
0.038558
0.000086
0.002235
0.016536
0.054934
0.011853
0.551151
0.009718
0.399560
0.002154
0.000244
0.029002
0.014012
0.029986
0.225367
0.000194
0.004038
0.000076
0.006635
0.001020
0.000006
0.008090
0.095808
0.132101
0.000909
0.112042
0.000104
0.026884
0.018162
0.041371
0.064271
0.000019
0.001138
0.061719
0.005800
0.006271
0.002124
0.000380
0.001466
0.184896
0.000320
0.039584
0.018760
0.019961
0.077597
0.008321
0.005348
0.026924
0.000022
0.025881
0.002622
0.000088
0.053508
0.000226
0.277959
0.186242
0.030440
0.004055
0.000483
0.001912
0.008217
0.001825
0.024857
0.002696
0.052966
0.205388
0.003945
0.000647
0.230395
0.006908
0.063983
0.001979
0.001375
0.116422
0.009185
0.014519
0.002544
0.670393
0.151447
0.265984
0.000110
