0.450260
0.419385
0.091692
0.239681
0.268904
0.031366
0.095174
0.464636
0.177691
0.567715
0.360178
0.504493
0.089813
0.459711
0.662928
0.577276
0.072289
0.269054
0.785706
0.346940
0.546545
0.734966
0.697078
0.565506
0.569228
0.149190
0.943556
0.081035
0.682932
0.014770
0.236872
0.534516
0.519080
0.572490
0.239818
0.992399
0.215066
0.598511
0.251176
0.615625
0.035664
0.407402
0.765941
0.607708
0.058767
0.341469
0.274890
0.350468
0.570975
0.828202
0.043823
0.851931
0.983523
0.168275
0.845187
0.452905
0.565855
0.261761
0.859034
0.101150
0.531096
0.114660
0.187087
0.957497
0.412915
0.169989
0.585469
0.201400
0.225630
0.032568
0.515586
0.098610
0.841424
0.419995
0.086448
0.459178
0.025977
0.475540
0.302033
0.176504
0.090900
0.454814
0.981995
0.881346
0.122875
0.322485
0.362494
0.580667
0.122205
0.307223
0.025614
0.453011
0.571558
0.844398
0.650711
0.093356
0.301461
0.301706
0.173990
0.612788
0.096574
0.199489
0.613852
0.453117
0.765604
0.785597
0.229463
0.724901
0.350468
0.514124
0.770086
0.982400
0.499041
0.064094
0.684585
0.471747
0.318386
0.401834
0.081888
0.112445
0.491737
0.754423
0.077386
0.787788
0.268828
0.933819
0.262867
0.519306
0.854346
0.048289
0.057090
0.351559
0.599218
0.314072
0.221330
0.628887
0.504159
0.687654
0.596510
0.567832
0.575757
0.344870
0.054131
0.005994
0.638847
0.364913
0.394742
0.728147
0.792588
0.541722
0.679268
0.992472
0.056930
0.116573
0.016624
0.552189
0.297150
0.350741
0.161765
0.205571
0.682578
0.154550
0.482185
0.040028
0.338711
0.562255
0.052835
0.690013
0.954230
0.235851
0.193671
0.734043
0.217160
0.380217
0.974825
