0.006090
0.052097
0.000242
0.000015
0.000850
0.001624
0.000000
0.015204
0.082137
0.001865
0.017755
0.000119
0.000098
0.000515
0.003604
0.004371
0.001947
0.000207
0.001677
0.018612
0.001194
0.329136
0.056990
0.000277
0.146271
0.453329
0.010959
0.153350
0.021977
0.000128
0.020044
0.218116
0.187992
0.000045
0.006730
0.048856
0.000921
0.385697
0.000165
0.009998
0.062063
0.094199
0.000002
0.030484
0.001540
0.004036
0.015980
0.066208
0.000835
0.004740
0.163019
0.042802
0.000104
0.000941
0.000067
0.000051
0.000408
0.117407
0.000016
0.217287
0.000961
0.044707
0.008663
0.000000
0.001714
0.003673
0.201940
0.011762
0.004233
0.000600
0.000333
0.003731
0.069712
0.055866
0.026247
0.022466
0.104467
0.071063
0.360178
0.046756
0.300399
0.001181
0.013762
0.013574
0.025163
0.007849
0.026305
0.516487
0.328788
0.065053
0.001805
0.041416
0.000541
0.000969
0.012727
0.669327
0.507397
0.000027
0.504716
0.001724
0.000214
0.000143
0.000120
0.092799
0.268904
0.000509
0.014239
0.006900
0.005346
0.020066
0.164232
0.055301
0.039956
0.915674
0.007958
0.026608
0.000036
0.001890
0.006875
0.438931
0.007724
0.005601
0.000123
0.000011
0.000001
0.000454
0.513000
0.021797
0.273213
0.008096
0.000362
0.000592
0.000015
0.000232
0.060468
0.466355
0.381270
0.001115
0.003013
0.000387
0.002857
0.021911
0.017923
0.000065
0.000662
0.004874
0.094293
0.000001
0.003253
0.000628
0.000291
0.000167
0.001139
0.000116
0.003215
0.102425
0.101954
0.001351
0.000000
0.010418
0.092152
0.014001
0.012380
0.017429
0.006373
0.101987
0.000002
0.000000
0.002488
0.000001
0.002291
0.112518
0.001473
0.000033
0.092552
