0.133285
0.183280
0.774991
0.086768
0.304497
0.078178
0.120095
0.100485
0.562487
0.051768
0.017489
0.888759
0.678441
0.186974
0.971249
0.085294
0.065481
0.000002
0.919406
0.765154
0.420401
0.019348
0.310551
0.461635
0.007491
0.073084
0.133582
0.051804
0.236395
0.603343
0.683877
0.101920
0.000259
0.007444
0.115520
0.216905
0.961327
0.001354
0.446046
0.257516
0.057229
0.901803
0.145264
0.095808
0.439557
0.627109
0.053077
0.270259
0.018025
0.045187
0.252534
0.560284
0.073534
0.017174
0.989043
0.013134
0.784168
0.058746
0.004685
0.008745
0.150456
0.463348
0.169260
0.120795
0.191705
0.180030
0.390447
0.362309
0.609362
0.428273
0.283704
0.003339
0.574123
0.269656
0.004858
0.584883
0.190556
0.859034
0.052576
0.047122
0.426426
0.048443
0.569112
0.198125
0.016041
0.633391
0.019283
0.157315
0.297231
0.071258
0.237281
0.067474
0.012423
0.001453
0.362773
0.083252
0.002718
0.009901
0.016974
0.011762
0.170877
0.507621
0.554614
0.493835
0.416547
0.049535
0.059178
0.524282
0.025005
0.042134
0.581369
0.409602
0.567715
0.082414
0.290728
0.424992
0.727568
0.046922
0.478149
0.159378
0.039471
0.614088
0.284252
0.008626
0.463348
0.514686
0.023616
0.325410
0.117635
0.092182
0.009756
0.437162
0.166064
0.105639
0.248617
0.064672
0.025977
0.091356
0.532691
0.165911
0.115520
0.548846
0.397196
0.203145
0.381175
0.049430
0.794109
0.895290
0.331315
0.073258
0.536000
0.005550
0.001954
0.001408
0.081282
0.164181
0.665299
0.006757
0.802090
0.008334
0.101752
0.327226
0.002876
0.500707
0.071649
0.081777
0.123669
0.443947
0.471747
0.286688
0.299259
0.000788
0.181071
0.089903
0.359532
