0.009217
0.059508
0.013089
0.639322
0.009351
0.352014
0.000130
0.087939
0.004349
0.000392
0.412111
0.245096
0.885210
0.093792
0.732774
0.102729
0.000751
0.731503
0.000060
0.019730
0.125873
0.083730
0.608063
0.027832
0.629242
0.000174
0.557620
0.031378
0.017148
0.005434
0.539660
0.008700
0.874360
0.430950
0.058460
0.484483
0.060678
0.341291
0.178233
0.104707
0.008462
0.004774
0.372892
0.061378
0.065911
0.168223
0.308717
0.698019
0.328527
0.085180
0.019961
0.260291
0.073534
0.703539
0.003327
0.709281
0.043558
0.079811
0.000339
0.075003
0.299097
0.159675
0.014557
0.020446
0.082331
0.066941
0.073133
0.342094
0.048392
0.020331
0.627702
0.014098
0.392005
0.102257
0.604994
0.142860
0.928158
0.000470
0.298609
0.572257
0.000134
0.116158
0.207590
0.132988
0.020942
0.450049
0.443528
0.354203
0.035368
0.065775
0.013044
0.034058
0.001296
0.037842
0.028110
0.123987
0.108373
0.391031
0.430434
0.559821
0.181842
0.000030
0.341648
0.348023
0.678204
0.434568
0.023017
0.335264
0.711270
0.000230
0.013804
0.068432
0.017568
0.173619
0.644898
0.255124
0.851835
0.065300
0.076602
0.047592
0.040578
0.536914
0.407502
0.492951
0.143085
0.001913
0.358886
0.121302
0.024555
0.018334
0.052134
0.009029
0.168379
0.396312
0.281676
0.593922
0.665773
0.031585
0.968236
0.113732
0.007045
0.030507
0.000184
0.690484
0.090385
0.400054
0.031677
0.001097
0.538401
0.172824
0.812405
0.006124
0.226156
0.544132
0.001935
0.217160
0.205023
0.278499
0.989202
0.326706
0.006133
0.155273
0.299829
0.068549
0.011096
0.058562
0.173778
0.001029
0.008882
0.514236
0.185848
0.560980
0.130468
0.921095
0.740375
