0.048221
0.217287
0.265463
0.307389
0.512663
0.646677
0.024811
0.978083
0.004262
0.329310
0.512327
0.098937
0.086245
0.467754
0.459071
0.740719
0.977113
0.229396
0.745648
0.904705
0.325237
0.129430
0.429404
0.322828
0.605702
0.053828
0.576225
0.377924
0.144262
0.742785
0.921021
0.109728
0.757484
0.747248
0.470342
0.962166
0.241822
0.542754
0.774213
0.780421
0.781746
0.167553
0.587462
0.554614
0.719554
0.580316
0.649999
0.924275
0.530527
0.205814
0.409802
0.720717
0.100551
0.322742
0.750442
0.656643
0.747362
0.362216
0.172454
0.530983
0.957707
0.058277
0.325669
0.466677
0.528480
0.901233
0.353472
0.792044
0.694607
0.607000
0.040549
0.978646
0.337117
0.147378
0.090960
0.127661
0.121107
0.560168
0.329397
0.307555
0.754764
0.293766
0.043760
0.865438
0.031898
0.903581
0.112225
0.583711
0.822230
0.155032
0.050417
0.356677
0.638847
0.317962
0.514799
0.930848
0.649999
0.976894
0.205205
0.417357
0.776102
0.569228
0.356218
0.448045
0.012845
0.404413
0.443738
0.118208
0.776879
0.053564
0.465602
0.021952
0.819530
0.055069
0.984883
0.450472
0.740375
0.382902
0.664943
0.334120
0.095999
0.572141
0.574590
0.146363
0.059882
0.892429
0.271923
0.371193
0.105155
0.969376
0.696726
0.354844
0.738421
0.375260
0.256789
0.747819
0.984742
0.983224
0.790301
0.157657
0.205449
0.371005
0.636356
0.182560
0.426323
0.997483
0.418066
0.880637
0.343256
0.576925
0.279890
0.323171
0.013905
0.962411
0.731040
0.437266
0.091539
0.797248
0.170406
0.075721
0.018196
0.161915
0.539202
0.462598
0.174629
0.531210
0.813353
0.728263
0.239199
0.390349
0.139914
0.295454
0.263163
0.357596
0.794325
