0.173778
0.017944
0.002411
0.005800
0.001181
0.071576
0.009132
0.003240
0.000050
0.002913
0.001455
0.000060
0.017681
0.000000
0.217096
0.000605
0.000420
0.082804
0.000159
0.025435
0.000121
0.002465
0.066459
0.001860
0.001100
0.008115
0.010462
0.000005
0.041908
0.119514
0.000091
0.007004
0.000762
0.000016
0.252391
0.016023
0.000562
0.000713
0.001387
0.000211
0.305239
0.000463
0.106964
0.077808
0.004113
0.009867
0.044786
0.240370
0.017681
0.000002
0.018690
0.000007
0.001637
0.028896
0.628413
0.000525
0.128071
0.004449
0.000011
0.004100
0.000030
0.000026
0.001895
0.002944
0.000006
0.000020
0.024229
0.031608
0.208513
0.000434
0.000405
0.075207
0.000818
0.076732
0.009004
0.025842
0.105847
0.003007
0.002050
0.007020
0.064806
0.361752
0.007134
0.905504
0.000739
0.015644
0.000010
0.006821
0.017542
0.234156
0.000186
0.000001
0.007760
0.000374
0.001279
0.021378
0.002704
0.001464
0.102257
0.000010
0.013347
0.000777
0.011506
0.000008
0.042879
0.000121
0.168379
0.003105
0.035962
0.000342
0.000000
0.000095
0.216778
0.302525
0.000221
0.000000
0.008582
0.000895
0.005781
0.209377
0.027811
0.054207
0.019634
0.402825
0.012860
0.016047
0.000466
0.229463
0.014419
0.390738
0.024112
0.004523
0.000864
0.009399
0.002449
0.000805
0.043171
0.002221
0.007592
0.011931
0.085870
0.000002
0.018634
0.001202
0.000219
0.033591
0.000757
0.000222
0.000169
0.004426
0.076005
0.077755
0.030462
0.040520
0.053414
0.046805
0.000000
0.049851
0.000042
0.000001
0.004227
0.375260
0.001360
0.000093
0.000030
0.002442
0.005975
0.059240
0.000001
0.072289
0.028652
0.035075
0.001141
0.001646
0.005210
