0.523942
0.861308
0.087089
0.680450
0.788445
0.756351
0.327139
0.001214
0.033800
0.006683
0.005510
0.176558
0.008646
0.529390
0.009851
0.028695
0.678322
0.074392
0.372892
0.824710
0.376496
0.153111
0.082303
0.155806
0.869793
0.006506
0.282844
0.116045
0.685058
0.646084
0.604168
0.172666
0.038781
0.461314
0.838731
0.016281
0.057570
0.002569
0.799620
0.101585
0.553690
0.002609
0.343435
0.217606
0.042787
0.249894
0.342451
0.166730
0.001599
0.312811
0.051495
0.002873
0.366219
0.303345
0.872176
0.090960
0.528594
0.036342
0.031666
0.193323
0.194952
0.007917
0.495051
0.546545
0.082498
0.000134
0.000507
0.919184
0.425708
0.147887
0.961327
0.022617
0.096414
0.045802
0.786803
0.450049
0.020864
0.076576
0.001251
0.648338
0.367904
0.658896
0.628650
0.006409
0.766951
0.165298
0.065866
0.483935
0.751695
0.555192
0.256862
0.005594
0.569112
0.102966
0.766726
0.103509
0.002467
0.433636
0.021862
0.417256
0.279271
0.042787
0.079084
0.041788
0.354020
0.327399
0.003803
0.217733
0.136890
0.156973
0.077124
0.338091
0.082916
0.027354
0.006243
0.634933
0.067986
0.857415
0.856554
0.244816
0.023978
0.031666
0.981134
0.031286
0.091539
0.229197
0.044231
0.005860
0.004607
0.092213
0.063344
0.090415
0.492068
0.339066
0.311136
0.064382
0.025042
0.040157
0.071502
0.693194
0.148258
0.257298
0.465065
0.676430
0.089244
0.193787
0.199192
0.452481
0.095523
0.000537
0.924704
0.545625
0.016442
0.213554
0.752378
0.113400
0.388212
0.037259
0.482950
0.186017
0.562719
0.938534
0.005400
0.030753
0.616808
0.221913
0.006800
0.065821
0.087557
0.041773
0.041238
0.198836
0.828509
0.000504
0.279968
