0.646084
0.229463
0.143130
0.685648
0.170982
0.249752
0.262351
0.139516
0.932409
0.027223
0.476083
0.127784
0.293124
0.311470
0.571908
0.093046
0.967432
0.945801
0.263829
0.446887
0.883285
0.645016
0.543328
0.366033
0.692841
0.028193
0.858178
0.308634
0.551497
0.379069
0.586641
0.912781
0.056199
0.647508
0.382326
0.365192
0.233009
0.184728
0.164485
0.292084
0.119592
0.268904
0.328962
0.875717
0.286845
0.086245
0.133454
0.408401
0.584531
0.135852
0.128522
0.771873
0.874994
0.516712
0.574824
0.189128
0.194194
0.668024
0.336852
0.061271
0.253683
0.634577
0.504493
0.571441
0.164130
0.894032
0.673116
0.601928
0.306395
0.964857
0.727568
0.168327
0.534744
0.206670
0.944533
0.456940
0.054742
0.180358
0.024931
0.205571
0.240025
0.752264
0.117445
0.908747
0.979542
0.337117
0.902127
0.297798
0.266208
0.352378
0.995066
0.451211
0.055573
0.021386
0.456727
0.983848
0.466247
0.465602
0.077412
0.556348
0.693430
0.133157
0.722810
0.389571
0.276422
0.012191
0.288109
0.804445
0.375355
0.576809
0.168327
0.870620
0.032758
0.245797
0.364633
0.062668
0.807642
0.564577
0.737155
0.443214
0.510756
0.235375
0.505721
0.849208
0.931665
0.018966
0.306726
0.350015
0.802412
0.015163
0.112958
0.014624
0.539316
0.872541
0.045429
0.520209
0.998565
0.830041
0.242030
0.889275
0.552766
0.826870
0.894284
0.483169
0.711387
0.790628
0.016567
0.272757
0.570509
0.670156
0.259047
0.755785
0.588518
0.366780
0.756578
0.412312
0.872450
0.120134
0.140535
0.966890
0.563416
0.341469
0.367248
0.539774
0.887380
0.131429
0.378592
0.637542
0.801125
0.365379
0.216841
0.808385
0.192975
0.336675
0.948581
