0.044468
0.000039
0.000027
0.002807
0.001571
0.045851
0.011027
0.000000
0.463885
0.031275
0.134991
0.001049
0.021195
0.005135
0.000261
0.018382
0.199966
0.012266
0.004465
0.001199
0.001890
0.030574
0.000222
0.086943
0.000102
0.000013
0.000722
0.000016
0.072611
0.004405
0.031447
0.000093
0.008185
0.000730
0.064672
0.059736
0.156486
0.000368
0.005113
0.000018
0.011600
0.001242
0.527685
0.048272
0.000016
0.016035
0.038378
0.000598
0.012572
0.023441
0.000793
0.006409
0.005262
0.002623
0.007465
0.005652
0.003570
0.030607
0.002790
0.040129
0.070966
0.105778
0.000003
0.012485
0.006651
0.010241
0.000101
0.010119
0.113216
0.013799
0.147100
0.029713
0.000001
0.010210
0.094859
0.814300
0.002255
0.023397
0.112298
0.033861
0.003678
0.156924
0.012224
0.037706
0.010490
0.000298
0.221783
0.050169
0.003364
0.348927
0.002032
0.037018
0.003567
0.000498
0.007976
0.004302
0.444681
0.251461
0.020149
0.106859
0.000872
0.007902
0.000620
0.162868
0.000012
0.000629
0.004579
0.211239
0.000119
0.001009
0.000183
0.009609
0.002551
0.013847
0.000012
0.000503
0.000000
0.303921
0.000000
0.041282
0.000038
0.020104
0.027781
0.117331
0.081254
0.226156
0.006013
0.124947
0.001068
0.046722
0.000343
0.000726
0.018662
0.173142
0.022441
0.000538
0.066688
0.010779
0.002468
0.063454
0.000941
0.052798
0.149752
0.000019
0.000077
0.000000
0.063213
0.406903
0.004111
0.021538
0.019174
0.000023
0.002725
0.000035
0.001969
0.005462
0.144216
0.006513
0.000233
0.222172
0.011130
0.026994
0.163171
0.000615
0.000002
0.000864
0.013873
0.000047
0.080625
0.000213
0.000047
0.058216
0.092459
0.086972
0.000001
