0.169312
0.818071
0.560168
0.268453
0.584179
0.363051
0.131429
0.349652
0.739456
0.040186
0.462170
0.053414
0.441017
0.504270
0.843211
0.522131
0.250962
0.185344
0.573423
0.284173
0.927600
0.802519
0.799835
0.161415
0.602400
0.254115
0.622134
0.172402
0.377162
0.700017
0.403321
0.835718
0.445836
0.204901
0.425606
0.731965
0.432705
0.261467
0.147655
0.276575
0.946697
0.026324
0.627465
0.797895
0.631257
0.116008
0.449099
0.893190
0.395330
0.079460
0.314999
0.235036
0.623200
0.881788
0.139164
0.448994
0.291366
0.303428
0.731387
0.013527
0.365846
0.567715
0.588166
0.654626
0.415739
0.167398
0.009082
0.267329
0.532919
0.449416
0.000702
0.876887
0.771538
0.125550
0.912781
0.731503
0.006612
0.394253
0.544706
0.452481
0.849501
0.432912
0.110339
0.779205
0.455132
0.935674
0.048169
0.845778
0.069664
0.013964
0.885210
0.998881
0.073308
0.221266
0.140979
0.038323
0.528480
0.785157
0.613142
0.496268
0.529390
0.614443
0.573890
0.289218
0.478802
0.627346
0.988601
0.713140
0.900744
0.956812
0.086130
0.513674
0.484483
0.751353
0.861874
0.016182
0.289536
0.255052
0.071112
0.650949
0.433532
0.257371
0.444891
0.833395
0.468939
0.832990
0.120017
0.308634
0.012294
0.272833
0.245376
0.532349
0.965138
0.667195
0.028864
0.032319
0.012538
0.493503
0.335704
0.115108
0.389571
0.582071
0.030063
0.876977
0.128810
0.074113
0.650118
0.488214
0.156924
0.561791
0.402032
0.131303
0.168897
0.555423
0.374028
0.593805
0.529276
0.108126
0.253467
0.401438
0.460673
0.311052
0.700840
0.721764
0.118706
0.916351
0.199966
0.215952
0.473262
0.128893
0.822437
0.782407
0.375071
0.635763
0.410905
