0.028579
0.179102
0.000001
0.012285
0.150881
0.000291
0.000522
0.005980
0.000003
0.164739
0.210990
0.257953
0.015902
0.002482
0.000095
0.000076
0.000224
0.044738
0.010875
0.070505
0.044437
0.142141
0.049816
0.540576
0.000038
0.000393
0.000748
0.030351
0.045607
0.000001
0.000005
0.007268
0.020864
0.044342
0.016274
0.002327
0.049290
0.011963
0.412613
0.046706
0.037965
0.014157
0.073534
0.000000
0.000004
0.188900
0.007265
0.001520
0.043870
0.003362
0.298122
0.001210
0.000193
0.090265
0.015632
0.089095
0.000219
0.294569
0.001166
0.037381
0.087030
0.000988
0.058644
0.002242
0.311052
0.060426
0.142141
0.006802
0.008609
0.000928
0.004884
0.076836
0.091478
0.012712
0.033506
0.004822
0.417661
0.026736
0.005133
0.010450
0.012323
0.000004
0.918888
0.004210
0.000032
0.000086
0.002924
0.063257
0.032818
0.000234
0.014776
0.000006
0.155080
0.049763
0.000020
0.000239
0.668616
0.000102
0.037327
0.003878
0.018648
0.003538
0.000070
0.000971
0.503267
0.076394
0.003497
0.003519
0.085697
0.003119
0.036659
0.000028
0.000034
0.557273
0.000388
0.000001
0.070264
0.000000
0.002933
0.000129
0.000003
0.004996
0.059363
0.041356
0.000011
0.006449
0.000204
0.027405
0.293365
0.446993
0.011622
0.067613
0.016423
0.002108
0.006049
0.351559
0.099692
0.000561
0.000077
0.001799
0.003046
0.010048
0.003098
0.068809
0.162818
0.000211
0.000457
0.000012
0.000000
0.003035
0.000015
0.635526
0.005205
0.000089
0.012639
0.000077
0.000393
0.000313
0.000030
0.000014
0.016023
0.013393
0.005488
0.000001
0.105224
0.179647
0.064360
0.009483
0.025737
0.000997
0.488763
0.000000
0.183003
0.000625
0.100319
