0.214687
0.041743
0.020354
0.447624
0.215826
0.001355
0.013383
0.141024
0.569694
0.169989
0.008962
0.555654
0.119322
0.180962
0.240370
0.009647
0.067729
0.003841
0.210120
0.198421
0.609007
0.994915
0.048084
0.211239
0.041312
0.224385
0.000484
0.609716
0.555654
0.066688
0.942508
0.088768
0.353381
0.525075
0.576692
0.041490
0.036080
0.158344
0.450155
0.304991
0.242446
0.049342
0.916050
0.002929
0.069880
0.634814
0.000415
0.011775
0.130426
0.019834
0.464314
0.029023
0.005961
0.236667
0.411307
0.273289
0.675957
0.057130
0.195946
0.021675
0.758729
0.003184
0.354478
0.018053
0.252606
0.458751
0.781525
0.659726
0.342630
0.213303
0.039656
0.196592
0.128563
0.158196
0.187595
0.058054
0.014860
0.088442
0.736925
0.081172
0.033886
0.660912
0.302197
0.031782
0.044595
0.219783
0.921313
0.185456
0.172402
0.321200
0.086187
0.028307
0.224647
0.202783
0.069259
0.273898
0.255341
0.015431
0.559705
0.082777
0.061805
0.011404
0.544591
0.053677
0.409502
0.906856
0.355027
0.567367
0.880193
0.049151
0.197652
0.141470
0.010737
0.330791
0.008373
0.022872
0.055476
0.001267
0.352378
0.007815
0.038586
0.121420
0.290012
0.001567
0.173406
0.387922
0.016017
0.028959
0.182118
0.392396
0.116234
0.756805
0.019247
0.211863
0.003177
0.248192
0.682932
0.159527
0.199727
0.222951
0.057390
0.725945
0.103237
0.003134
0.693194
0.339599
0.086303
0.020880
0.001214
0.141336
0.000936
0.682578
0.007427
0.212363
0.045219
0.839930
0.019031
0.054264
0.028255
0.256572
0.713490
0.282376
0.187143
0.009598
0.520887
0.012605
0.135464
0.003806
0.114103
0.578211
0.239062
0.112554
0.208944
0.079299
0.829021
