0.749531
0.260952
0.651067
0.721880
0.236463
0.815350
0.652610
0.910231
0.131765
0.926969
0.030765
0.407901
0.097992
0.598865
0.890473
0.585469
0.195595
0.357688
0.016386
0.265314
0.534059
0.441331
0.993725
0.492289
0.544476
0.388989
0.407502
0.099330
0.228865
0.061934
0.431466
0.106126
0.305982
0.618346
0.837026
0.800803
0.751126
0.150739
0.282923
0.800910
0.672761
0.242585
0.262056
0.488214
0.797895
0.615271
0.842021
0.920142
0.159675
0.206242
0.606528
0.819946
0.140668
0.542296
0.223211
0.304497
0.250748
0.331665
0.180468
0.324720
0.554383
0.448256
0.430125
0.756918
0.776213
0.038447
0.069593
0.323601
0.324461
0.644542
0.009609
0.380408
0.003159
0.093855
0.747591
0.134777
0.742097
0.250962
0.105952
0.431362
0.411407
0.401438
0.917475
0.361104
0.914157
0.418168
0.576809
0.986514
0.583008
0.230729
0.686356
0.149237
0.491517
0.313063
0.198539
0.291127
0.079649
0.801876
0.444052
0.214372
0.583828
0.269204
0.196122
0.072437
0.904064
0.308385
0.459711
0.565506
0.640982
0.753401
0.165757
0.266507
0.731849
0.568297
0.348475
0.178450
0.539087
0.091600
0.488104
0.927039
0.291047
0.107385
0.618228
0.790301
0.274356
0.120134
0.821712
0.094324
0.259998
0.493835
0.551843
0.827895
0.468723
0.513674
0.792588
0.901233
0.880814
0.127989
0.604640
0.695431
0.086187
0.120095
0.023580
0.621187
0.132227
0.653677
0.285979
0.024319
0.485798
0.587110
0.571208
0.003972
0.338711
0.214940
0.523036
0.990300
0.748047
0.728842
0.808597
0.283157
0.762792
0.732427
0.559705
0.355576
0.451106
0.732658
0.365379
0.664943
0.320004
0.258244
0.489314
0.605348
0.295132
0.504605
0.230062
