0.245236
0.460459
0.108303
0.002857
0.499263
0.865904
0.070723
0.062106
0.335264
0.837127
0.842219
0.489534
0.925982
0.115632
0.000037
0.523036
0.167089
0.012181
0.550575
0.280898
0.145538
0.257661
0.286372
0.537829
0.948581
0.739226
0.375071
0.893611
0.465925
0.022770
0.146547
0.812722
0.088175
0.069283
0.688008
0.636712
0.200801
0.474455
0.011290
0.573074
0.164739
0.043465
0.498153
0.070072
0.160866
0.264200
0.138373
0.141247
0.021985
0.106964
0.429713
0.581135
0.026471
0.019804
0.280355
0.209253
0.013373
0.045672
0.095872
0.345949
0.152682
0.379452
0.162366
0.031127
0.142006
0.296423
0.394840
0.924704
0.311889
0.549537
0.539316
0.099494
0.001173
0.575407
0.153638
0.286215
0.132270
0.050846
0.098937
0.176773
0.204658
0.139384
0.109120
0.055827
0.459925
0.260658
0.092613
0.035011
0.068244
0.203446
0.017077
0.159329
0.328006
0.018556
0.019568
0.044263
0.132607
0.306312
0.331752
0.034645
0.328353
0.235579
0.001218
0.150692
0.521452
0.003685
0.362494
0.119476
0.993804
0.041699
0.452058
0.327139
0.000000
0.046162
0.036487
0.607590
0.615034
0.000987
0.347120
0.263829
0.010095
0.022991
0.082054
0.177637
0.380791
0.014708
0.004344
0.184226
0.431259
0.003152
0.076445
0.337559
0.036237
0.449944
0.662572
0.231063
0.144398
0.174363
0.622963
0.429096
0.044121
0.785487
0.002799
0.000433
0.227342
0.004548
0.550920
0.264719
0.246218
0.377924
0.018535
0.297393
0.021611
0.146088
0.009502
0.010438
0.001495
0.083730
0.364074
0.000168
0.092891
0.000231
0.039856
0.038461
0.521113
0.137848
0.001120
0.427144
0.018981
0.085524
0.227672
0.500818
0.005935
0.724436
0.332365
