0.076915
0.000512
0.182450
0.729537
0.273822
0.385503
0.364074
0.026480
0.179866
0.076342
0.004802
0.806791
0.123351
0.037665
0.691545
0.641694
0.190728
0.122087
0.113326
0.039301
0.521792
0.014742
0.167038
0.248404
0.465602
0.921896
0.363144
0.669564
0.082026
0.015968
0.661505
0.015710
0.095206
0.015140
0.326187
0.020817
0.053696
0.160121
0.510644
0.205388
0.090446
0.639559
0.142275
0.541952
0.454495
0.078072
0.474888
0.347752
0.047931
0.163070
0.280123
0.086158
0.000221
0.138373
0.146088
0.221201
0.600985
0.045818
0.344960
0.006323
0.176881
0.440809
0.239750
0.303181
0.008920
0.030318
0.020179
0.093015
0.049517
0.056911
0.067126
0.359809
0.000097
0.955478
0.551036
0.016903
0.004954
0.048340
0.001539
0.141024
0.048977
0.045477
0.314409
0.039698
0.018774
0.024949
0.303099
0.173990
0.073886
0.049012
0.000250
0.537028
0.191130
0.150881
0.231264
0.202662
0.250463
0.018012
0.078417
0.244257
0.001558
0.149237
0.064227
0.021466
0.378496
0.054954
0.005947
0.319578
0.209192
0.878322
0.342541
0.482294
0.021029
0.038600
0.328093
0.215699
0.030151
0.062257
0.037072
0.323429
0.018619
0.729884
0.056022
0.080407
0.646321
0.102391
0.560168
0.001842
0.035368
0.784608
0.237281
0.330966
0.180962
0.148957
0.550805
0.483935
0.117293
0.411407
0.154117
0.264645
0.175752
0.231197
0.288822
0.312811
0.010301
0.004891
0.062973
0.142590
0.015152
0.170930
0.066230
0.077993
0.187087
0.013419
0.006216
0.013139
0.414729
0.592982
0.528594
0.258682
0.007619
0.000652
0.816398
0.221266
0.234156
0.005937
0.338534
0.002168
0.940885
0.360086
0.001379
0.284487
0.006638
0.015974
0.331403
