0.085783
0.126399
0.596392
0.329658
0.038240
0.882493
0.533147
0.666958
0.438515
0.733120
0.984082
0.593452
0.400449
0.028193
0.485359
0.293205
0.008552
0.058869
0.573657
0.020880
0.993499
0.234833
0.383864
0.837026
0.118706
0.254763
0.288742
0.310300
0.294971
0.444367
0.114660
0.076134
0.830755
0.784168
0.123788
0.559473
0.313483
0.110123
0.484045
0.137368
0.210306
0.603932
0.026500
0.206609
0.009955
0.222626
0.987561
0.873906
0.988293
0.744847
0.200264
0.752150
0.240853
0.269129
0.023642
0.401933
0.552997
0.004378
0.551843
0.697784
0.267329
0.560516
0.186974
0.207528
0.702953
0.712789
0.726525
0.215256
0.233683
0.328353
0.044074
0.666010
0.161665
0.786584
0.322485
0.459605
0.285586
0.612906
0.545510
0.903903
0.411709
0.876887
0.988531
0.411508
0.838130
0.372042
0.537943
0.071380
0.736234
0.458325
0.481420
0.651660
0.693665
0.060363
0.406305
0.328440
0.929475
0.481092
0.500262
0.545510
0.218244
0.458005
0.260071
0.628413
0.134734
0.607708
0.358425
0.093543
0.142320
0.459071
0.052299
0.428993
0.055224
0.044310
0.945440
0.504493
0.008109
0.593217
0.139605
0.087557
0.822126
0.812511
0.638135
0.100154
0.256862
0.226880
0.254331
0.727336
0.487774
0.461849
0.538058
0.162266
0.941011
0.278113
0.709866
0.899599
0.400449
0.980282
0.035638
0.294810
0.710919
0.112298
0.972160
0.874632
0.986170
0.168327
0.615980
0.646915
0.537600
0.810822
0.408701
0.772207
0.647864
0.320944
0.473912
0.587697
0.226419
0.442900
0.074697
0.161965
0.872085
0.964951
0.625569
0.108800
0.050098
0.106544
0.770645
0.070120
0.208328
0.092305
0.470882
0.991654
0.512551
0.243350
0.269204
