0.102594
0.006424
0.898859
0.022846
0.034569
0.268378
0.094356
0.286451
0.414225
0.161165
0.306478
0.600043
0.016139
0.077834
0.000572
0.171927
0.027173
0.062820
0.000614
0.214435
0.004799
0.519983
0.593452
0.073735
0.176666
0.075772
0.190556
0.016151
0.254475
0.038641
0.212550
0.742555
0.071233
0.722345
0.029669
0.473804
0.077045
0.005937
0.018431
0.009369
0.516712
0.026657
0.010237
0.793131
0.127253
0.984600
0.000626
0.012533
0.250036
0.479892
0.481420
0.084268
0.141962
0.206548
0.054455
0.695078
0.088057
0.001843
0.484921
0.563764
0.861874
0.010361
0.410304
0.825739
0.125510
0.004168
0.036712
0.589340
0.050972
0.045981
0.763805
0.024536
0.169676
0.140446
0.104021
0.180085
0.002104
0.657710
0.105501
0.619766
0.532805
0.334383
0.002413
0.009587
0.002431
0.113437
0.015602
0.555307
0.299422
0.032190
0.385697
0.018327
0.426938
0.100253
0.055263
0.109513
0.143266
0.377352
0.065866
0.359901
0.004191
0.320346
0.425811
0.178667
0.018196
0.503713
0.704009
0.055031
0.132946
0.191015
0.071674
0.011559
0.094607
0.582891
0.082387
0.119553
0.124107
0.029658
0.034620
0.965372
0.180413
0.086245
0.458005
0.233683
0.134349
0.782518
0.001624
0.000262
0.040287
0.023730
0.785487
0.418878
0.314241
0.020508
0.001498
0.013200
0.733120
0.125510
0.211988
0.006015
0.461100
0.244956
0.018577
0.061271
0.010037
0.075105
0.303345
0.091661
0.057390
0.141291
0.051786
0.243002
0.093605
0.284330
0.003681
0.474129
0.019954
0.000075
0.002359
0.766838
0.595451
0.134563
0.016523
0.189413
0.572490
0.379165
0.309300
0.615744
0.013894
0.246781
0.145035
0.967297
0.377067
0.075079
0.096863
