0.118553
0.172507
0.000360
0.261319
0.099527
0.086535
0.524282
0.020880
0.482950
0.138505
0.185624
0.022399
0.323601
0.147702
0.475865
0.097636
0.635882
0.366313
0.278653
0.221266
0.041120
0.037733
0.097055
0.826664
0.249184
0.367529
0.016788
0.054264
0.608771
0.803483
0.016219
0.291127
0.156000
0.013260
0.085208
0.052410
0.011147
0.008976
0.486566
0.047761
0.683286
0.084808
0.367155
0.545625
0.099758
0.363144
0.045010
0.761214
0.008670
0.002880
0.077518
0.006493
0.061955
0.114772
0.662098
0.042104
0.012257
0.165860
0.113253
0.094985
0.003167
0.492730
0.918888
0.023616
0.366967
0.345769
0.271392
0.328006
0.577276
0.038865
0.070578
0.197534
0.010450
0.188786
0.571674
0.104398
0.038350
0.011435
0.003941
0.594157
0.440078
0.240646
0.735081
0.050828
0.007574
0.216396
0.063279
0.596392
0.147655
0.793457
0.047643
0.067893
0.117179
0.017252
0.090114
0.209810
0.175003
0.028991
0.246992
0.005306
0.233886
0.001155
0.181842
0.036672
0.338711
0.446362
0.849696
0.008419
0.266880
0.034257
0.000003
0.293124
0.684585
0.645253
0.080108
0.020631
0.117826
0.224516
0.665773
0.132481
0.118975
0.055846
0.021402
0.187143
0.347662
0.106684
0.335704
0.333944
0.045348
0.790846
0.055866
0.586289
0.369969
0.325496
0.074037
0.019095
0.396115
0.247839
0.301297
0.170511
0.287161
0.000611
0.669801
0.056435
0.001295
0.110519
0.003244
0.001132
0.077202
0.163877
0.195946
0.103475
0.153159
0.632087
0.003524
0.029463
0.000259
0.718389
0.006104
0.222237
0.069712
0.022433
0.088857
0.277728
0.133667
0.418573
0.172085
0.368560
0.008626
0.530983
0.208266
0.398279
0.041090
0.515924
0.759520
