0.376020
0.704830
0.367435
0.770645
0.549192
0.440600
0.044089
0.324117
0.234630
0.894704
0.932477
0.062733
0.793349
0.794651
0.344421
0.256137
0.211675
0.655575
0.668853
0.055166
0.222561
0.356677
0.128440
0.523602
0.051405
0.270863
0.334383
0.887812
0.995738
0.158737
0.756238
0.520096
0.025042
0.508404
0.764480
0.289059
0.838330
0.619648
0.418675
0.382038
0.469371
0.322656
0.193033
0.126399
0.364447
0.601928
0.168120
0.251390
0.172560
0.564809
0.111025
0.387922
0.019812
0.312560
0.085237
0.260365
0.049868
0.110087
0.454071
0.128522
0.127579
0.086768
0.713023
0.106335
0.009424
0.225302
0.350650
0.535315
0.627583
0.138988
0.504270
0.226880
0.083112
0.806152
0.429199
0.177259
0.725713
0.104948
0.618583
0.275120
0.268904
0.335264
0.573540
0.098252
0.035535
0.277651
0.688008
0.388989
0.198362
0.488983
0.184784
0.709749
0.191302
0.175324
0.605820
0.049992
0.339510
0.489974
0.680687
0.314999
0.596628
0.087089
0.300971
0.605466
0.235375
0.186185
0.062365
0.031298
0.921021
0.665180
0.766277
0.209130
0.555654
0.926335
0.019901
0.459925
0.135464
0.030162
0.147331
0.438515
0.016411
0.803055
0.478476
0.254403
0.279426
0.549192
0.140446
0.891920
0.723507
0.016188
0.214309
0.098806
0.101184
0.059924
0.188673
0.207037
0.174789
0.094011
0.200861
0.722462
0.382806
0.878947
0.896542
0.817862
0.150692
0.173142
0.565158
0.093015
0.517727
0.375545
0.025079
0.553459
0.837628
0.622963
0.175003
0.258244
0.112664
0.653203
0.483278
0.746905
0.623318
0.494166
0.923198
0.219141
0.814825
0.536343
0.561211
0.467646
0.773656
0.075028
0.727452
0.543213
0.512551
0.478693
0.958280
