0.287872
0.044723
0.246992
0.071331
0.038949
0.981837
0.448467
0.039244
0.000349
0.000280
0.236055
0.768408
0.009308
0.661149
0.270939
0.229130
0.036965
0.000598
0.032902
0.820985
0.062646
0.329919
0.267329
0.372514
0.108764
0.118361
0.049412
0.012514
0.133327
0.030630
0.610070
0.119553
0.020825
0.989088
0.362216
0.028949
0.232606
0.067334
0.045998
0.440600
0.000523
0.007822
0.379165
0.568879
0.018867
0.512439
0.855980
0.125470
0.854154
0.832584
0.125550
0.128522
0.628294
0.009043
0.072314
0.700252
0.738881
0.548501
0.515924
0.178504
0.047105
0.120873
0.045802
0.487335
0.236940
0.000019
0.074113
0.281520
0.026276
0.237691
0.497820
0.470450
0.023284
0.423152
0.405508
0.655931
0.023215
0.261982
0.239956
0.126602
0.050062
0.214624
0.156437
0.007231
0.679859
0.030551
0.026500
0.846859
0.018515
0.000663
0.383191
0.148073
0.054131
0.423663
0.196533
0.046756
0.062798
0.511990
0.297312
0.499818
0.041893
0.651779
0.102122
0.259632
0.216905
0.143401
0.127948
0.782628
0.001047
0.021021
0.227804
0.245306
0.399264
0.947703
0.116460
0.003173
0.011488
0.858083
0.000379
0.556926
0.009688
0.473046
0.234901
0.114511
0.221330
0.302935
0.205083
0.457153
0.000022
0.000401
0.044962
0.128440
0.125671
0.050792
0.172930
0.085870
0.188218
0.044452
0.011885
0.189698
0.000069
0.209810
0.051368
0.084410
0.062646
0.006654
0.400548
0.730925
0.044042
0.030518
0.275962
0.037543
0.024247
0.095681
0.349652
0.022333
0.149004
0.082888
0.065662
0.603225
0.059487
0.809234
0.386470
0.081364
0.241337
0.214940
0.667905
0.063213
0.002641
0.073861
0.232808
0.187030
0.646440
0.006976
0.039456
