0.008211
0.076862
0.045010
0.006153
0.096063
0.115482
0.142051
0.392591
0.248334
0.552305
0.576108
0.809869
0.628176
0.348294
0.108764
0.110231
0.016776
0.383095
0.039913
0.268603
0.950257
0.304497
0.395036
0.616217
0.410805
0.896042
0.301216
0.029964
0.027935
0.430537
0.198955
0.241614
0.617991
0.826254
0.687064
0.816084
0.011753
0.620122
0.125108
0.476735
0.675720
0.957915
0.925628
0.316097
0.817235
0.709749
0.091539
0.123510
0.407502
0.054226
0.340934
0.664113
0.892174
0.568646
0.207221
0.567715
0.482403
0.090627
0.397098
0.655813
0.387631
0.961624
0.092675
0.002855
0.599925
0.519193
0.530413
0.012490
0.300399
0.330442
0.161815
0.123709
0.410604
0.392298
0.008966
0.539431
0.646084
0.014066
0.352925
0.476409
0.896708
0.836624
0.620240
0.070288
0.604050
0.723507
0.452481
0.977367
0.572957
0.590162
0.741753
0.265017
0.957235
0.545510
0.037774
0.155225
0.926969
0.654389
0.096031
0.082276
0.441749
0.576108
0.283704
0.541378
0.374407
0.356218
0.831569
0.560748
0.218692
0.544476
0.707759
0.425299
0.562487
0.292564
0.653084
0.734735
0.221007
0.396213
0.462277
0.682578
0.855500
0.516825
0.734389
0.321628
0.016461
0.395428
0.559125
0.553805
0.176989
0.848720
0.484373
0.727684
0.182505
0.425606
0.089573
0.214814
0.562487
0.897206
0.369593
0.839331
0.596392
0.401141
0.648220
0.528253
0.213303
0.320602
0.129720
0.680214
0.186354
0.183503
0.925273
0.464636
0.639203
0.487225
0.165044
0.599925
0.370722
0.466247
0.779979
0.558431
0.649999
0.932274
0.831162
0.225958
0.007168
0.040929
0.631257
0.967207
0.545740
0.590279
0.059508
0.087147
0.008061
0.534630
0.434982
