0.720136
0.113769
0.907093
0.869240
0.030129
0.288346
0.022719
0.689187
0.141827
0.225630
0.331403
0.443109
0.763130
0.532463
0.608063
0.541264
0.641813
0.497931
0.249042
0.527004
0.065413
0.347481
0.278036
0.239199
0.619175
0.943923
0.193497
0.582188
0.233683
0.404413
0.323773
0.882581
0.724088
0.054474
0.182118
0.229529
0.914310
0.421114
0.439452
0.820466
0.638017
0.663521
0.075541
0.329571
0.994997
0.441853
0.441122
0.309466
0.522244
0.822747
0.285114
0.330181
0.175377
0.794109
0.039641
0.440704
0.658659
0.780200
0.072190
0.195946
0.187426
0.995227
0.404612
0.932746
0.531894
0.518065
0.758842
0.217925
0.539774
0.744732
0.826562
0.328353
0.466462
0.852899
0.909920
0.094890
0.751923
0.340222
0.873634
0.046359
0.091508
0.257661
0.719670
0.282454
0.999559
0.428170
0.832280
0.772207
0.529845
0.674182
0.143808
0.056101
0.502042
0.435916
0.554960
0.857033
0.016256
0.529162
0.750898
0.941449
0.617045
0.014934
0.354752
0.553343
0.571674
0.820154
0.169728
0.112152
0.950085
0.918146
0.107561
0.481311
0.212488
0.826562
0.129430
0.653796
0.609952
0.887034
0.681987
0.433325
0.923126
0.244187
0.981488
0.651542
0.235172
0.480765
0.611015
0.258682
0.854635
0.210555
0.979914
0.331228
0.014320
0.673471
0.704009
0.036632
0.599925
0.594040
0.806578
0.206854
0.659726
0.310968
0.088234
0.682696
0.426836
0.445836
0.423663
0.003935
0.969894
0.631376
0.268979
0.169937
0.443109
0.584531
0.427657
0.576575
0.905185
0.183836
0.644779
0.335704
0.048804
0.674418
0.596745
0.632680
0.373271
0.858273
0.406006
0.117788
0.198066
0.691309
0.181346
0.544706
0.285036
0.175699
0.070048
