0.498486
0.085495
0.759181
0.168689
0.001078
0.257298
0.417256
0.103000
0.939556
0.260952
0.321286
0.381846
0.221072
0.026647
0.049535
0.656406
0.879838
0.030889
0.053885
0.809764
0.020708
0.009410
0.327312
0.240232
0.445941
0.485908
0.884686
0.000152
0.462920
0.024175
0.055012
0.097798
0.331053
0.231264
0.300807
0.132903
0.326447
0.080570
0.162517
0.262941
0.330442
0.039584
0.068033
0.175163
0.485250
0.860457
0.066253
0.199727
0.463456
0.054819
0.954992
0.469478
0.180468
0.077913
0.050186
0.337205
0.165860
0.048306
0.282923
0.036381
0.409402
0.204780
0.097507
0.700017
0.001214
0.016011
0.000797
0.012023
0.136457
0.767063
0.602635
0.000158
0.019356
0.080000
0.249467
0.115070
0.033396
0.509859
0.023301
0.955424
0.522357
0.001182
0.028328
0.131429
0.183003
0.256862
0.703422
0.306726
0.770086
0.563416
0.071282
0.121890
0.524622
0.384153
0.167759
0.573773
0.064071
0.129223
0.000725
0.422336
0.154550
0.563648
0.968280
0.041076
0.001569
0.451423
0.193845
0.287951
0.651304
0.074265
0.180139
0.012994
0.056653
0.857224
0.013501
0.526209
0.087440
0.004674
0.336410
0.184003
0.370252
0.253683
0.978924
0.050435
0.769191
0.071307
0.388503
0.472721
0.003719
0.111714
0.811456
0.015710
0.007679
0.439452
0.095840
0.115632
0.006037
0.015638
0.378401
0.135378
0.113032
0.408101
0.069545
0.829837
0.129554
0.613142
0.324375
0.063630
0.070820
0.949221
0.389474
0.025957
0.204173
0.000156
0.017595
0.860836
0.008772
0.443633
0.060489
0.000543
0.365846
0.155709
0.610425
0.072512
0.480983
0.328440
0.098447
0.272150
0.158442
0.884336
0.353746
0.021037
0.548616
0.368091
0.156632
