0.000085
0.004550
0.008569
0.030240
0.006894
0.000019
0.000001
0.000845
0.045155
0.000396
0.092891
0.202542
0.000236
0.162667
0.003357
0.106021
0.002996
0.000155
0.045932
0.078470
0.049360
0.019348
0.375640
0.010413
0.000902
0.021781
0.465817
0.000160
0.006301
0.000000
0.000052
0.000000
0.099330
0.000850
0.460352
0.000992
0.033861
0.007562
0.476517
0.046590
0.000039
0.007518
0.000090
0.000012
0.032131
0.000004
0.000000
0.000430
0.014458
0.005916
0.003835
0.109907
0.000351
0.000624
0.002826
0.049974
0.000013
0.000744
0.398673
0.000184
0.017661
0.000429
0.000051
0.001151
0.017883
0.000221
0.004648
0.000000
0.019627
0.000004
0.004091
0.017937
0.042043
0.015727
0.001934
0.017964
0.000010
0.142680
0.000488
0.016699
0.000712
0.000523
0.000179
0.000139
0.211239
0.142905
0.002728
0.004622
0.000011
0.000000
0.008848
0.063476
0.301952
0.000430
0.002955
0.000084
0.010942
0.006778
0.000008
0.001552
0.018438
0.006646
0.300073
0.030373
0.670393
0.028917
0.079218
0.007933
0.002469
0.029098
0.003353
0.476952
0.100187
0.000372
0.475648
0.000569
0.009692
0.000163
0.358333
0.095713
0.003806
0.009994
0.001137
0.000023
0.001208
0.009813
0.008987
0.017161
0.070941
0.120172
0.046178
0.005722
0.000021
0.000416
0.017246
0.001906
0.007565
0.011766
0.011191
0.004307
0.004415
0.027822
0.000003
0.004702
0.012865
0.008224
0.001169
0.000316
0.104535
0.042285
0.016299
0.257880
0.315759
0.069497
0.007550
0.084041
0.167141
0.001703
0.267853
0.000378
0.006315
0.004268
0.114437
0.361474
0.061784
0.000984
0.077518
0.101351
0.021322
0.063410
0.060132
0.008224
0.031863
0.245727
0.090415
