0.000317
0.000023
0.048666
0.306478
0.109764
0.000099
0.031608
0.002418
0.000696
0.138505
0.001992
0.000037
0.000038
0.025977
0.074620
0.034859
0.000512
0.000055
0.015956
0.000001
0.000013
0.000025
0.327052
0.416547
0.094733
0.124507
0.131723
0.045493
0.126846
0.000342
0.171402
0.006770
0.001751
0.000219
0.006990
0.104090
0.047931
0.046689
0.000208
0.031263
0.003710
0.000295
0.291605
0.009008
0.000826
0.130885
0.032178
0.000227
0.155129
0.005702
0.000000
0.023898
0.002337
0.000435
0.000780
0.026874
0.008559
0.138549
0.002911
0.007444
0.002324
0.004607
0.076238
0.187935
0.016188
0.013210
0.090204
0.000729
0.000181
0.004103
0.228135
0.039513
0.014934
0.000036
0.013388
0.055885
0.000378
0.000047
0.000024
0.000088
0.000047
0.016250
0.097668
0.252391
0.000171
0.164790
0.000108
0.016782
0.138373
0.120834
0.029226
0.095301
0.002748
0.639677
0.022341
0.004651
0.005999
0.013301
0.044421
0.008049
0.021068
0.015129
0.181677
0.123272
0.000935
0.000902
0.178395
0.466570
0.004498
0.086739
0.000000
0.000098
0.606056
0.060321
0.000006
0.018952
0.000538
0.009602
0.317877
0.025359
0.000563
0.005632
0.005210
0.005230
0.076732
0.000197
0.094985
0.009924
0.000081
0.082442
0.147563
0.000116
0.035394
0.010795
0.000524
0.000230
0.949567
0.006187
0.000055
0.003392
0.037098
0.028027
0.000351
0.000152
0.047089
0.000086
0.001266
0.002440
0.000935
0.001796
0.001144
0.051008
0.002305
0.008023
0.530755
0.035820
0.000413
0.054858
0.000959
0.581603
0.241891
0.000069
0.000602
0.005837
0.042406
0.001442
0.043496
0.035024
0.147841
0.041149
0.176504
0.002096
0.003883
0.008499
0.048186
