0.123669
0.296342
0.420503
0.264126
0.745762
0.368654
0.951508
0.198007
0.552420
0.424582
0.062214
0.440704
0.571674
0.392103
0.011002
0.194427
0.752605
0.134008
0.084751
0.654033
0.389669
0.386566
0.669327
0.154550
0.220040
0.207774
0.548041
0.143311
0.274203
0.628057
0.074341
0.535657
0.303674
0.697431
0.514911
0.670156
0.034009
0.036302
0.002624
0.257661
0.568763
0.588284
0.947467
0.597923
0.229197
0.472721
0.019856
0.572024
0.060216
0.307389
0.153877
0.458005
0.079865
0.953241
0.954394
0.103646
0.915069
0.747248
0.472937
0.380695
0.938726
0.003412
0.229862
0.579380
0.996278
0.024555
0.412513
0.985412
0.519419
0.140579
0.823058
0.111569
0.237145
0.748618
0.333154
0.788445
0.857224
0.680687
0.683995
0.109835
0.114437
0.111496
0.514236
0.533147
0.189641
0.508963
0.577626
0.155709
0.580433
0.503044
0.833699
0.139914
0.576692
0.235443
0.684467
0.615271
0.990531
0.658066
0.579146
0.306064
0.394253
0.176935
0.269731
0.559473
0.583359
0.541034
0.419588
0.528480
0.366406
0.957497
0.872450
0.417965
0.093139
0.917774
0.073484
0.133539
0.096863
0.738076
0.200085
0.196474
0.070602
0.179702
0.314578
0.394253
0.300318
0.536686
0.247133
0.863942
0.181071
0.397885
0.454602
0.314746
0.232203
0.103339
0.611724
0.012737
0.842517
0.730578
0.253252
0.332628
0.568530
0.724669
0.896459
0.160121
0.290888
0.795842
0.353199
0.805939
0.770645
0.589810
0.351377
0.021595
0.322227
0.763580
0.451423
0.231063
0.537028
0.737961
0.804231
0.998678
0.515361
0.326793
0.815140
0.971707
0.007673
0.406305
0.354112
0.638017
0.832787
0.423561
0.269505
0.097701
0.694136
0.315084
0.995513
