0.543443
0.517501
0.084666
0.190957
0.006192
0.312895
0.012601
0.123034
0.274585
0.189926
0.367248
0.149237
0.225499
0.061719
0.027822
0.043714
0.475974
0.234901
0.200204
0.161665
0.418979
0.206059
0.200981
0.031104
0.626398
0.003962
0.908197
0.001650
0.784388
0.754991
0.433636
0.317792
0.159923
0.023362
0.602282
0.522131
0.426221
0.025519
0.068479
0.143944
0.215572
0.005052
0.922621
0.031036
0.517614
0.335264
0.406305
0.122757
0.478584
0.207835
0.467861
0.342183
0.128646
0.259486
0.460138
0.222302
0.135120
0.128194
0.007476
0.216270
0.603814
0.471639
0.251390
0.304579
0.454283
0.063961
0.016674
0.005164
0.050721
0.592041
0.556579
0.008848
0.390447
0.840728
0.000863
0.213931
0.251533
0.170511
0.473804
0.227870
0.422336
0.118476
0.068526
0.920142
0.309300
0.646915
0.045267
0.707408
0.851544
0.000076
0.416952
0.030218
0.300889
0.030318
0.067427
0.136500
0.116952
0.050828
0.315421
0.249397
0.010683
0.003941
0.004587
0.081584
0.200503
0.246359
0.096382
0.265389
0.218756
0.143718
0.083393
0.766838
0.515699
0.188218
0.021037
0.003886
0.847546
0.569927
0.115520
0.010913
0.597334
0.498042
0.290330
0.000633
0.010241
0.058196
0.001699
0.259047
0.281909
0.162165
0.075772
0.019619
0.253467
0.017070
0.651898
0.121459
0.061271
0.508963
0.182560
0.606410
0.057671
0.253827
0.000390
0.416547
0.083505
0.397098
0.144216
0.046872
0.061762
0.216587
0.919332
0.025238
0.094701
0.389571
0.243072
0.839431
0.022449
0.053489
0.431569
0.092274
0.075618
0.089873
0.366126
0.025642
0.337382
0.079138
0.378687
0.309466
0.066276
0.061356
0.225761
0.145446
0.292484
0.294408
0.502265
