0.236123
0.184840
0.286294
0.371570
0.267329
0.337382
0.174843
0.149658
0.731734
0.109299
0.623555
0.144125
0.519532
0.815560
0.651542
0.059219
0.898859
0.669801
0.861780
0.227210
0.077334
0.373460
0.698137
0.581018
0.104604
0.349199
0.485140
0.540576
0.101618
0.445311
0.674537
0.693312
0.001349
0.375640
0.504716
0.187765
0.406105
0.670511
0.370252
0.088442
0.651779
0.166884
0.488763
0.213303
0.874813
0.907093
0.421317
0.193845
0.377638
0.423050
0.120561
0.047999
0.828305
0.595922
0.113917
0.451740
0.952852
0.462813
0.365566
0.078497
0.531552
0.891240
0.686710
0.245236
0.538515
0.002849
0.636475
0.447098
0.799189
0.614798
0.592394
0.466355
0.239750
0.409101
0.645491
0.754082
0.107139
0.821297
0.733582
0.233886
0.377162
0.996921
0.860647
0.326533
0.231465
0.022035
0.936330
0.398968
0.244047
0.223863
0.289456
0.641931
0.960427
0.199073
0.501041
0.321885
0.765941
0.464743
0.162015
0.436954
0.086187
0.620713
0.105432
0.367248
0.075207
0.459818
0.314915
0.308136
0.324375
0.686946
0.313063
0.280433
0.393079
0.907646
0.942508
0.635052
0.498264
0.865531
0.552997
0.400350
0.322742
0.159527
0.088946
0.682223
0.134349
0.055301
0.400054
0.004588
0.765604
0.245376
0.723507
0.650593
0.489644
0.093605
0.954176
0.623910
0.189356
0.169832
0.834407
0.963957
0.969808
0.773099
0.130052
0.934684
0.346039
0.885123
0.062300
0.192744
0.995133
0.697784
0.815350
0.193787
0.034046
0.173300
0.003967
0.305816
0.708228
0.006704
0.754877
0.729421
0.431259
0.958020
0.009654
0.529731
0.315421
0.856459
0.061677
0.436227
0.611252
0.064806
0.742097
0.651898
0.598747
0.017528
0.007976
