0.116347
0.374596
0.628650
0.294007
0.821193
0.158934
0.209748
0.214372
0.178016
0.037233
0.587345
0.982338
0.370911
0.500374
0.722462
0.501486
0.411106
0.888157
0.461956
0.040753
0.110808
0.119785
0.236123
0.043714
0.104055
0.687890
0.621069
0.749188
0.181071
0.945801
0.744389
0.563648
0.102797
0.992125
0.002611
0.569461
0.247415
0.107069
0.862251
0.106579
0.153111
0.642999
0.565623
0.566785
0.318471
0.083224
0.025652
0.749645
0.788882
0.808491
0.173036
0.407202
0.026677
0.528480
0.047374
0.325842
0.051386
0.045267
0.660082
0.146731
0.067986
0.664824
0.412613
0.258098
0.217414
0.103068
0.509299
0.978716
0.476191
0.102864
0.189299
0.646203
0.178233
0.009505
0.801017
0.940191
0.271468
0.892513
0.063082
0.073609
0.079004
0.031389
0.474346
0.370534
0.117940
0.676903
0.150975
0.898447
0.521679
0.315928
0.240991
0.375260
0.812616
0.964763
0.011716
0.559936
0.300155
0.305321
0.756918
0.588166
0.340934
0.006080
0.931936
0.246429
0.005904
0.998939
0.366219
0.817026
0.277574
0.980972
0.894788
0.114029
0.669564
0.151637
0.743243
0.835315
0.303428
0.073334
0.562951
0.918369
0.527799
0.951112
0.256354
0.561791
0.055282
0.214309
0.045607
0.412714
0.815350
0.471314
0.457046
0.944045
0.810610
0.079811
0.226287
0.058318
0.188502
0.109764
0.615625
0.430125
0.207958
0.128440
0.259852
0.180304
0.433222
0.889361
0.062235
0.128769
0.862251
0.145401
0.015644
0.557505
0.353929
0.143537
0.263533
0.827588
0.055807
0.214561
0.320431
0.356677
0.022702
0.104535
0.279117
0.504382
0.533945
0.132481
0.519306
0.158688
0.124307
0.895708
0.328180
0.598040
0.440182
0.755558
0.696843
