0.044946
0.102055
0.089543
0.009358
0.154117
0.076888
0.000041
0.129844
0.143853
0.039357
0.118361
0.095301
0.131261
0.188105
0.016225
0.011794
0.008446
0.284487
0.013124
0.552882
0.269280
0.082276
0.000130
0.058196
0.041253
0.013019
0.125631
0.405110
0.257298
0.299666
0.302525
0.036978
0.028495
0.795518
0.000184
0.272681
0.000929
0.077124
0.024600
0.928783
0.051405
0.228467
0.001433
0.001824
0.044738
0.784168
0.014071
0.033130
0.701662
0.182450
0.174097
0.226287
0.659726
0.162215
0.002120
0.004503
0.051206
0.617045
0.900989
0.013884
0.537829
0.266656
0.090748
0.422846
0.113179
0.265017
0.618938
0.363702
0.114847
0.451740
0.893611
0.079865
0.211675
0.505386
0.523263
0.180962
0.046689
0.264942
0.580667
0.154357
0.116687
0.387437
0.186354
0.000356
0.018196
0.002588
0.059799
0.210679
0.054417
0.026539
0.519983
0.343883
0.542066
0.330093
0.028079
0.005848
0.080871
0.434464
0.098741
0.551958
0.188162
0.553921
0.164942
0.056692
0.007523
0.315506
0.389183
0.303510
0.070893
0.145721
0.055089
0.069976
0.315928
0.037219
0.018796
0.403519
0.000733
0.226156
0.090839
0.580784
0.258901
0.614206
0.001862
0.094670
0.099068
0.282065
0.533375
0.259632
0.938790
0.025181
0.489424
0.402924
0.579731
0.214624
0.172507
0.399758
0.042817
0.026884
0.574123
0.039599
0.012742
0.382518
0.638847
0.137238
0.002826
0.157412
0.062451
0.067963
0.025331
0.273289
0.147100
0.225696
0.156827
0.398279
0.037556
0.079649
0.178395
0.875536
0.317622
0.025209
0.357504
0.038143
0.005036
0.092953
0.005363
0.002168
0.014458
0.032746
0.006306
0.848231
0.852706
0.744618
0.005022
0.954121
0.136803
