0.001411
0.055147
0.009384
0.000285
0.000783
0.001404
0.132988
0.753287
0.000704
0.000076
0.000024
0.063432
0.007945
0.064560
0.019954
0.000596
0.000508
0.047542
0.065911
0.001742
0.003959
0.028568
0.068033
0.032770
0.001661
0.013230
0.000207
0.000023
0.122362
0.008861
0.686238
0.029205
0.003746
0.011096
0.004164
0.112115
0.000073
0.000533
0.017200
0.021163
0.021195
0.000034
0.052373
0.229130
0.000792
0.000247
0.120912
0.001054
0.068103
0.275426
0.007727
0.228931
0.010519
0.000307
0.115520
0.169156
0.322227
0.000018
0.010048
0.000001
0.000470
0.000307
0.313063
0.174363
0.067986
0.012581
0.138900
0.027873
0.000822
0.148724
0.000009
0.004921
0.002729
0.001159
0.000063
0.173566
0.004036
0.000793
0.000002
0.003409
0.000000
0.134648
0.000007
0.000285
0.106335
0.073861
0.040841
0.001255
0.018494
0.067334
0.465065
0.260658
0.055127
0.066436
0.000012
0.295616
0.435397
0.003166
0.007733
0.038212
0.000779
0.016852
0.036342
0.002001
0.002199
0.003603
0.000338
0.059095
0.022076
0.000396
0.071649
0.059903
0.007004
0.000098
0.202000
0.001692
0.000030
0.023695
0.000307
0.001446
0.058237
0.092984
0.000399
0.000029
0.001441
0.019399
0.000876
0.024364
0.022458
0.000014
0.000630
0.019871
0.018155
0.000222
0.008834
0.004101
0.001699
0.000594
0.025416
0.005570
0.002009
0.003414
0.031724
0.543328
0.000410
0.011191
0.000776
0.000009
0.557505
0.079460
0.005274
0.000010
0.191532
0.000661
0.177367
0.000001
0.021108
0.204780
0.004581
0.032308
0.000692
0.006361
0.008311
0.000756
0.009025
0.108693
0.003940
0.028411
0.000000
0.438515
0.000709
0.003245
0.000002
0.001469
0.030229
