0.010393
0.347301
0.000741
0.008102
0.155903
0.000691
0.000086
0.000054
0.150739
0.006393
0.003610
0.033263
0.000250
0.000227
0.134264
0.388600
0.000001
0.000267
0.000008
0.018375
0.573773
0.086739
0.016910
0.000120
0.000006
0.000994
0.135292
0.007476
0.087176
0.000206
0.001308
0.136717
0.000098
0.004583
0.274967
0.000602
0.001706
0.017829
0.332715
0.000016
0.000173
0.000137
0.000096
0.067869
0.070000
0.037965
0.019619
0.004186
0.028359
0.129388
0.000478
0.002401
0.000026
0.352925
0.436020
0.004254
0.000012
0.001488
0.175377
0.002201
0.000009
0.324892
0.000067
0.000106
0.006529
0.011396
0.004596
0.000030
0.028255
0.000007
0.027557
0.000054
0.000719
0.000830
0.088205
0.082860
0.000123
0.001560
0.029226
0.011921
0.073158
0.000018
0.000001
0.003878
0.031968
0.005883
0.000817
0.009932
0.032806
0.013590
0.027103
0.001279
0.130218
0.056831
0.000100
0.105917
0.002559
0.082609
0.000000
0.004191
0.003474
0.000056
0.008432
0.598394
0.003267
0.000154
0.005297
0.318556
0.001086
0.031909
0.025144
0.000005
0.193555
0.000328
0.000227
0.007767
0.014244
0.000038
0.159280
0.041818
0.021013
0.163473
0.000000
0.000605
0.000681
0.075979
0.000970
0.033518
0.007239
0.000584
0.368654
0.000285
0.006286
0.009513
0.548156
0.001126
0.001518
0.329658
0.141291
0.349743
0.004471
0.015596
0.000857
0.000014
0.005144
0.001465
0.053583
0.027740
0.089394
0.068385
0.000000
0.185792
0.026569
0.003412
0.014452
0.071282
0.004190
0.003521
0.000322
0.001116
0.002711
0.002874
0.043047
0.093512
0.008734
0.015355
0.105986
0.035561
0.000250
0.160270
0.009913
0.001419
0.001091
0.006848
0.000015
