0.011862
0.007661
0.005625
0.000041
0.002192
0.023103
0.095872
0.000664
0.191245
0.008837
0.004361
0.034708
0.264645
0.000507
0.000003
0.223277
0.138417
0.050151
0.003986
0.001291
0.000453
0.007559
0.003749
0.005295
0.003267
0.111424
0.002929
0.133242
0.066803
0.002149
0.558778
0.154117
0.005663
0.000212
0.185512
0.066139
0.003863
0.021578
0.000478
0.009636
0.010466
0.000442
0.005659
0.036158
0.041609
0.000087
0.015355
0.035910
0.000020
0.022175
0.000487
0.811244
0.000032
0.005308
0.007541
0.026539
0.005816
0.003803
0.000008
0.215129
0.107455
0.009217
0.026618
0.000255
0.017350
0.000605
0.044263
0.184449
0.000973
0.079326
0.000014
0.013574
0.000000
0.001130
0.032520
0.000305
0.000621
0.000005
0.000116
0.018605
0.001757
0.010194
0.000003
0.073785
0.052705
0.000733
0.001026
0.000059
0.000003
0.002643
0.149752
0.067149
0.079595
0.012994
0.000003
0.011147
0.003826
0.092860
0.015751
0.001287
0.015467
0.028495
0.131723
0.158295
0.001562
0.002296
0.013841
0.111097
0.021218
0.000116
0.092459
0.002893
0.000042
0.000007
0.023537
0.052115
0.006204
0.005325
0.005554
0.025890
0.001309
0.051604
0.000239
0.001953
0.073258
0.357688
0.001192
0.188162
0.028885
0.000370
0.252176
0.000040
0.033603
0.004015
0.052520
0.011862
0.016814
0.000133
0.009465
0.113179
0.027617
0.020833
0.003014
0.439974
0.087704
0.000001
0.002077
0.000869
0.069188
0.004186
0.001711
0.002583
0.008676
0.000892
0.066482
0.007506
0.000812
0.126278
0.025144
0.001660
0.000123
0.013762
0.060070
0.022761
0.013034
0.113253
0.016355
0.001346
0.000130
0.027557
0.001451
0.008973
0.000071
0.092305
0.019886
