0.032938
0.279968
0.003417
0.000716
0.000001
0.031036
0.000307
0.000474
0.000000
0.000670
0.003136
0.026628
0.015020
0.011178
0.057410
0.034922
0.003197
0.000312
0.056101
0.149144
0.193091
0.058808
0.316774
0.034569
0.001466
0.004121
0.535657
0.029658
0.002866
0.000053
0.039741
0.000318
0.030262
0.212363
0.003333
0.022744
0.005374
0.106056
0.000206
0.005095
0.000261
0.014602
0.001524
0.010720
0.000000
0.000663
0.057110
0.054493
0.016846
0.177259
0.000297
0.000250
0.178721
0.001189
0.000007
0.049430
0.000267
0.167295
0.000949
0.001403
0.000283
0.008903
0.001018
0.013980
0.026677
0.000003
0.036845
0.312895
0.006424
0.052873
0.068244
0.325237
0.000060
0.001164
0.000475
0.093855
0.000460
0.002223
0.039528
0.000349
0.000037
0.000066
0.032746
0.001135
0.005348
0.000829
0.000642
0.069140
0.000515
0.001726
0.002014
0.000844
0.000004
0.001798
0.048770
0.003331
0.158245
0.003158
0.061314
0.001161
0.000239
0.042588
0.002130
0.381654
0.000409
0.000288
0.000019
0.081639
0.010934
0.038364
0.000032
0.030979
0.007745
0.182560
0.011117
0.008419
0.000004
0.535886
0.000001
0.003229
0.002866
0.000139
0.000093
0.000241
0.000560
0.807216
0.020400
0.529617
0.001123
0.000354
0.102459
0.184115
0.000251
0.000032
0.003254
0.113069
0.022923
0.001948
0.000316
0.003194
0.000000
0.000929
0.007029
0.091814
0.000070
0.000016
0.143175
0.349108
0.005257
0.224320
0.014747
0.000000
0.011448
0.000015
0.000007
0.000441
0.000680
0.083843
0.013783
0.052502
0.011147
0.096031
0.008318
0.000002
0.000958
0.000222
0.010150
0.000400
0.000841
0.006845
0.008893
0.003386
0.002215
0.390155
0.046441
