0.009855
0.039556
0.008535
0.004163
0.021466
0.680569
0.142995
0.020981
0.007348
0.004860
0.131178
0.051786
0.082137
0.003412
0.001946
0.185680
0.474129
0.030574
0.000078
0.035561
0.015163
0.000251
0.000896
0.166474
0.000395
0.599689
0.001794
0.000030
0.005255
0.004734
0.055866
0.000049
0.062733
0.011325
0.009322
0.053302
0.001876
0.001800
0.007509
0.018128
0.005423
0.132946
0.235579
0.001596
0.002455
0.002375
0.000292
0.007518
0.002992
0.023528
0.044437
0.001006
0.003232
0.000605
0.006046
0.000004
0.022677
0.000041
0.001850
0.000030
0.011444
0.000270
0.000001
0.060405
0.000073
0.000668
0.000002
0.000293
0.000037
0.011409
0.000260
0.000018
0.001619
0.010325
0.074569
0.000050
0.102459
0.007090
0.003508
0.026904
0.163574
0.000000
0.019138
0.263681
0.001070
0.258098
0.008927
0.352834
0.001488
0.000516
0.051768
0.129017
0.000071
0.004321
0.000000
0.315928
0.002467
0.047897
0.000005
0.001423
0.226353
0.111751
0.017194
0.000004
0.029767
0.143853
0.001258
0.079784
0.427041
0.000080
0.067823
0.000260
0.256499
0.010519
0.004741
0.002548
0.000000
0.000077
0.026696
0.215319
0.001345
0.405110
0.005883
0.025690
0.068927
0.000016
0.169208
0.193439
0.032237
0.050542
0.000040
0.002707
0.000155
0.042863
0.001127
0.165757
0.000002
0.095586
0.073760
0.026344
0.249255
0.106369
0.000974
0.032926
0.095206
0.229529
0.069832
0.002354
0.000851
0.658659
0.020615
0.000034
0.221201
0.000277
0.002693
0.129223
0.012285
0.362401
0.000323
0.000455
0.001037
0.034922
0.017502
0.102223
0.036106
0.000002
0.008559
0.002799
0.019124
0.000455
0.312476
0.000042
0.022940
0.011546
0.198955
