0.000000
0.021418
0.179975
0.372798
0.121733
0.003173
0.000064
0.278036
0.027415
0.000658
0.003827
0.010381
0.000025
0.029098
0.159280
0.001316
0.128071
0.016712
0.000621
0.037340
0.899270
0.045283
0.000016
0.001756
0.482076
0.000417
0.000208
0.012342
0.000311
0.034494
0.000784
0.000209
0.162919
0.038683
0.000008
0.001646
0.037192
0.000190
0.000574
0.002905
0.035215
0.000275
0.000298
0.000003
0.050613
0.013752
0.000062
0.000454
0.047982
0.000014
0.001119
0.004677
0.067427
0.101887
0.168172
0.000163
0.094575
0.002760
0.002008
0.012979
0.003653
0.004633
0.000176
0.043171
0.000003
0.001924
0.078630
0.042436
0.173194
0.020202
0.000282
0.190384
0.000389
0.039400
0.016411
0.000289
0.000140
0.000590
0.177799
0.000831
0.000947
0.207835
0.022408
0.009279
0.017181
0.000257
0.108622
0.081639
0.020817
0.000149
0.000553
0.001265
0.934816
0.005828
0.004942
0.000198
0.050721
0.011967
0.048770
0.000072
0.000138
0.067011
0.020561
0.000640
0.330966
0.018182
0.002468
0.000055
0.027043
0.075233
0.047728
0.000676
0.003229
0.000562
0.015962
0.000112
0.000110
0.000037
0.000933
0.000004
0.000018
0.040374
0.009221
0.000383
0.022668
0.006506
0.005874
0.000000
0.001639
0.051604
0.000875
0.004131
0.000418
0.280045
0.003360
0.000761
0.004314
0.000598
0.000130
0.002676
0.149752
0.000451
0.005300
0.001117
0.079031
0.009479
0.006211
0.098610
0.001644
0.000221
0.000543
0.007920
0.011334
0.004563
0.000761
0.002415
0.000803
0.014519
0.097636
0.326447
0.136327
0.012313
0.000105
0.000009
0.005070
0.011448
0.000615
0.003514
0.001871
0.002192
0.000036
0.002478
0.001051
0.010349
0.021879
