0.048477
0.212550
0.000310
0.035126
0.759294
0.000134
0.237486
0.877785
0.708228
0.083421
0.290649
0.295858
0.106509
0.114437
0.059136
0.476735
0.357229
0.680332
0.390447
0.331053
0.002543
0.009340
0.409001
0.779869
0.086332
0.416547
0.135163
0.063740
0.378306
0.037112
0.098610
0.310133
0.834407
0.273061
0.251819
0.462706
0.027658
0.034682
0.052724
0.414326
0.413117
0.765941
0.194427
0.089723
0.309800
0.339244
0.022051
0.060405
0.002037
0.813459
0.099494
0.008896
0.879838
0.493503
0.092737
0.368654
0.051405
0.035716
0.777212
0.107913
0.811983
0.355027
0.206059
0.009110
0.446046
0.042073
0.176881
0.308884
0.459178
0.032998
0.000252
0.074646
0.414326
0.078577
0.159131
0.123034
0.159823
0.196592
0.090809
0.568646
0.067497
0.494387
0.229330
0.002378
0.909998
0.681632
0.231532
0.090930
0.487005
0.000925
0.095840
0.033640
0.131261
0.116838
0.591102
0.485908
0.095840
0.173142
0.047357
0.582774
0.291366
0.045155
0.667550
0.264126
0.938534
0.416750
0.257371
0.092953
0.838430
0.025275
0.615980
0.008917
0.849988
0.818384
0.202481
0.153446
0.719204
0.007773
0.697431
0.592747
0.197711
0.408001
0.505721
0.400449
0.227210
0.726525
0.140890
0.396017
0.768408
0.353290
0.055768
0.279890
0.010913
0.416547
0.341826
0.711971
0.992667
0.324031
0.043232
0.007160
0.027628
0.101150
0.669682
0.063696
0.062386
0.234021
0.442063
0.005802
0.200264
0.038865
0.367997
0.179921
0.151589
0.882669
0.036368
0.361845
0.354386
0.086884
0.048033
0.039942
0.012271
0.008153
0.102156
0.021108
0.402428
0.293445
0.840030
0.444786
0.005260
0.403222
0.143491
0.001672
0.032249
0.273441
0.331228
