0.829021
0.799942
0.190499
0.060657
0.841126
0.097733
0.210120
0.099396
0.356861
0.235511
0.831569
0.795084
0.095143
0.343525
0.294891
0.162517
0.672998
0.939684
0.018789
0.839431
0.987133
0.043667
0.679387
0.245026
0.068620
0.133115
0.563764
0.293926
0.857606
0.139516
0.238856
0.340756
0.139428
0.395821
0.451000
0.054264
0.873997
0.136543
0.752832
0.497376
0.221201
0.176128
0.195888
0.627939
0.260291
0.925699
0.710685
0.383864
0.484921
0.467000
0.717224
0.366219
0.825534
0.629716
0.618820
0.086826
0.002872
0.942693
0.715941
0.029756
0.324031
0.217925
0.496158
0.826870
0.213303
0.949740
0.360733
0.459391
0.303428
0.171087
0.009897
0.645728
0.219462
0.524735
0.611488
0.939174
0.903098
0.045656
0.089693
0.081035
0.122638
0.922982
0.204476
0.824813
0.446046
0.095872
0.396803
0.143266
0.186298
0.383672
0.377162
0.469047
0.049657
0.931665
0.684585
0.223733
0.045721
0.007945
0.592276
0.154598
0.659134
0.553690
0.352196
0.058644
0.249681
0.684349
0.123073
0.064316
0.102189
0.379356
0.128071
0.377638
0.024041
0.341648
0.725713
0.145309
0.104467
0.427759
0.372609
0.171980
0.684703
0.349833
0.434464
0.109227
0.084154
0.355851
0.607354
0.055827
0.961078
0.880105
0.092613
0.303674
0.784168
0.359070
0.785926
0.141113
0.018176
0.996831
0.002711
0.238307
0.320944
0.696608
0.407202
0.270184
0.260511
0.411809
0.397491
0.643711
0.986852
0.067543
0.805406
0.379452
0.099824
0.329049
0.725017
0.018431
0.110880
0.046789
0.532691
0.737501
0.335352
0.009513
0.277113
0.006851
0.169104
0.593334
0.885819
0.651542
0.407502
0.547005
0.304909
0.080707
0.888243
0.740145
0.776324
