0.030787
0.317198
0.378210
0.001174
0.474671
0.026696
0.650830
0.192224
0.760875
0.106509
0.217797
0.121068
0.010779
0.281909
0.034407
0.669801
0.229795
0.027405
0.133667
0.005973
0.444786
0.314831
0.341112
0.103475
0.315759
0.551382
0.000961
0.190613
0.141157
0.262794
0.036606
0.812616
0.227012
0.000080
0.775436
0.270410
0.001115
0.974979
0.043823
0.037597
0.105813
0.044011
0.036093
0.274127
0.135077
0.037502
0.047745
0.025070
0.171244
0.132946
0.152682
0.164282
0.253899
0.067869
0.058481
0.057410
0.103919
0.459178
0.016617
0.864317
0.431982
0.269957
0.524282
0.005291
0.065775
0.011400
0.576925
0.767735
0.284330
0.085094
0.212676
0.032461
0.151779
0.008052
0.210058
0.276498
0.150928
0.299747
0.213554
0.004822
0.445941
0.018570
0.114474
0.034394
0.022693
0.415133
0.779869
0.159576
0.303756
0.115632
0.215066
0.313652
0.197711
0.259852
0.537829
0.857415
0.421012
0.183781
0.279503
0.484045
0.005123
0.005164
0.066185
0.259266
0.764368
0.134008
0.382230
0.633154
0.206670
0.040592
0.058931
0.092152
0.516938
0.808491
0.147193
0.831670
0.434671
0.601457
0.114809
0.736579
0.760198
0.602400
0.005129
0.014826
0.005761
0.063300
0.983374
0.010617
0.282766
0.648101
0.028463
0.137630
0.046425
0.039956
0.243141
0.771315
0.493724
0.059570
0.645016
0.068927
0.411006
0.162567
0.003861
0.010438
0.150551
0.444891
0.368654
0.120639
0.121459
0.004188
0.000307
0.493061
0.000034
0.036632
0.716991
0.695078
0.053470
0.010150
0.003456
0.580316
0.015129
0.166371
0.038350
0.000527
0.470126
0.501597
0.035871
0.007242
0.172296
0.007697
0.048839
0.021322
0.133624
0.003672
0.196592
