0.987783
0.051550
0.700957
0.471747
0.719670
0.430744
0.865158
0.212676
0.801447
0.756011
0.512888
0.479020
0.695784
0.740719
0.756691
0.397098
0.106789
0.771984
0.067986
0.064538
0.965325
0.190613
0.645609
0.743129
0.691192
0.084865
0.515586
0.832077
0.425913
0.273898
0.378783
0.647033
0.766390
0.636475
0.778098
0.792697
0.179921
0.947408
0.132227
0.519193
0.892513
0.069616
0.799835
0.183392
0.225236
0.018230
0.903098
0.629361
0.666365
0.050240
0.648694
0.851058
0.843805
0.735773
0.535315
0.327659
0.359255
0.660794
0.361104
0.218180
0.645372
0.290649
0.892429
0.180139
0.224974
0.223081
0.547235
0.869701
0.158491
0.413117
0.390349
0.078152
0.456302
0.059965
0.756238
0.186354
0.062560
0.992254
0.490415
0.374123
0.066390
0.024328
0.015268
0.101853
0.761326
0.866370
0.406704
0.660319
0.271317
0.190613
0.008606
0.548271
0.436954
0.718156
0.278653
0.376305
0.020469
0.302525
0.206854
0.470666
0.748732
0.763467
0.470342
0.553228
0.086884
0.726757
0.663046
0.815979
0.378974
0.762228
0.069976
0.214624
0.527344
0.702953
0.196886
0.797680
0.578211
0.034232
0.821919
0.233009
0.858083
0.524055
0.850183
0.401537
0.206670
0.130010
0.083477
0.584414
0.447729
0.300562
0.714891
0.321286
0.916201
0.376876
0.859604
0.893696
0.649762
0.246289
0.045364
0.037856
0.851931
0.090718
0.036500
0.906062
0.650118
0.006604
0.388019
0.044294
0.684349
0.067636
0.208636
0.876618
0.237623
0.700487
0.655338
0.561443
0.160270
0.138198
0.973293
0.379547
0.739341
0.574707
0.851835
0.231532
0.531894
0.464314
0.650118
0.249823
0.725017
0.995884
0.990635
0.632680
0.191417
0.852512
0.422132
