0.256862
0.541837
0.124707
0.054341
0.268003
0.738191
0.033481
0.783178
0.469478
0.702718
0.151495
0.519080
0.170250
0.382038
0.330355
0.506168
0.485359
0.083028
0.287714
0.035807
0.051932
0.553921
0.550344
0.207897
0.391128
0.659489
0.598865
0.666602
0.737961
0.509187
0.185120
0.060153
0.302689
0.809340
0.657236
0.605348
0.036263
0.674418
0.036119
0.642999
0.433015
0.414830
0.423050
0.243280
0.782628
0.077781
0.156000
0.512551
0.028390
0.964337
0.215446
0.320773
0.108161
0.845975
0.237623
0.116952
0.833091
0.138944
0.887639
0.535657
0.199906
0.678204
0.829633
0.735658
0.437162
0.331403
0.202181
0.905982
0.940948
0.915371
0.182118
0.825328
0.320346
0.053096
0.047424
0.020950
0.310133
0.695902
0.118898
0.765042
0.726061
0.364633
0.016916
0.559473
0.092305
0.735658
0.081805
0.331665
0.380025
0.287003
0.075003
0.936657
0.069402
0.344601
0.189584
0.255920
0.951677
0.348927
0.858844
0.966708
0.807004
0.458538
0.624266
0.687536
0.920069
0.854731
0.835214
0.372231
0.319493
0.729305
0.439348
0.496933
0.721532
0.756011
0.729999
0.455664
0.042680
0.506391
0.991673
0.290967
0.243350
0.718738
0.058501
0.226748
0.485140
0.111387
0.004587
0.189299
0.080434
0.435501
0.973731
0.275273
0.826562
0.432498
0.043760
0.766165
0.978119
0.206181
0.247839
0.211364
0.381175
0.814405
0.501931
0.501597
0.729537
0.332978
0.981037
0.184115
0.528026
0.740260
0.037570
0.177691
0.611724
0.168379
0.182394
0.592041
0.261099
0.606410
0.034620
0.381558
0.227342
0.090204
0.110808
0.752491
0.769974
0.891665
0.210990
0.637898
0.529731
0.121302
0.249113
0.417458
0.697784
0.569810
0.421012
