0.037381
0.225105
0.098937
0.623200
0.658659
0.375830
0.022475
0.030085
0.000221
0.032284
0.105709
0.000220
0.795301
0.349380
0.005499
0.191130
0.005777
0.007256
0.124827
0.261540
0.357045
0.540691
0.091906
0.438410
0.079165
0.033323
0.241406
0.949625
0.001978
0.179484
0.064360
0.016961
0.564925
0.173036
0.000247
0.629953
0.507732
0.025699
0.003476
0.027526
0.119013
0.520661
0.037219
0.808173
0.434982
0.040259
0.311387
0.465925
0.157315
0.606056
0.566901
0.538172
0.018306
0.003006
0.014222
0.263829
0.177908
0.238033
0.649643
0.022308
0.001763
0.004623
0.028705
0.593099
0.228599
0.101618
0.678086
0.323687
0.468077
0.636949
0.052520
0.332453
0.582188
0.030440
0.536686
0.084837
0.001265
0.086390
0.469155
0.883460
0.001856
0.197770
0.548501
0.137717
0.293926
0.089274
0.701192
0.026706
0.279194
0.139914
0.033775
0.010206
0.835819
0.150645
0.756238
0.073059
0.696961
0.346669
0.782628
0.119399
0.087293
0.013579
0.025709
0.083787
0.482950
0.011045
0.213805
0.012342
0.003545
0.354020
0.028141
0.594863
0.157022
0.084808
0.504605
0.085237
0.013969
0.433222
0.713140
0.032710
0.059301
0.260952
0.855404
0.963478
0.008848
0.129430
0.004653
0.016718
0.084951
0.303592
0.014222
0.456833
0.032120
0.000766
0.054169
0.313736
0.007031
0.042436
0.760762
0.049868
0.011057
0.080953
0.031724
0.292964
0.390349
0.429919
0.050882
0.229463
0.370063
0.334735
0.159972
0.006816
0.000067
0.104467
0.125148
0.437370
0.055185
0.202542
0.097055
0.087792
0.576108
0.151447
0.026667
0.287398
0.001619
0.176773
0.309550
0.544706
0.353290
0.268303
0.249467
0.064427
0.605112
0.127294
0.104914
