0.127866
0.044962
0.174150
0.584765
0.655101
0.619056
0.132059
0.028307
0.011195
0.090415
0.060363
0.239681
0.815035
0.406504
0.253036
0.644542
0.407302
0.213554
0.168534
0.060636
0.651542
0.040563
0.816188
0.932881
0.007149
0.252893
0.076057
0.000105
0.796599
0.135292
0.178450
0.187539
0.114847
0.018591
0.737961
0.328614
0.472180
0.075618
0.225499
0.139516
0.035729
0.576692
0.524622
0.158147
0.217606
0.014997
0.004799
0.198658
0.009160
0.064427
0.002500
0.239887
0.526323
0.621661
0.592276
0.117293
0.078099
0.657710
0.148584
0.263533
0.308385
0.011613
0.132819
0.802626
0.023880
0.118553
0.308967
0.040680
0.470882
0.277882
0.094985
0.662809
0.180413
0.000209
0.003742
0.757597
0.633510
0.603461
0.519983
0.490304
0.057570
0.756238
0.017978
0.305651
0.219526
0.044516
0.143266
0.070554
0.430537
0.431775
0.027760
0.723740
0.434775
0.275349
0.029877
0.545970
0.749987
0.206242
0.196474
0.055031
0.200443
0.071307
0.483388
0.006638
0.112995
0.049465
0.239818
0.771650
0.245867
0.186579
0.894620
0.002880
0.160121
0.167707
0.137848
0.340133
0.081419
0.026845
0.038614
0.007473
0.865811
0.388212
0.252391
0.023094
0.017181
0.000108
0.512102
0.248475
0.111097
0.069808
0.168534
0.006627
0.152492
0.232270
0.121812
0.104914
0.116309
0.108942
0.697902
0.017595
0.633984
0.334999
0.017161
0.009428
0.505721
0.458751
0.143175
0.662335
0.033616
0.036106
0.060447
0.528139
0.000998
0.319408
0.806258
0.101284
0.173036
0.191993
0.002618
0.009775
0.000097
0.071870
0.039584
0.044437
0.045364
0.889275
0.330181
0.229064
0.076628
0.684349
0.128317
0.020515
0.120522
0.128646
0.091417
