0.321371
0.001008
0.002549
0.415638
0.251676
0.000198
0.004543
0.029637
0.000721
0.000020
0.000025
0.000011
0.000231
0.008969
0.114847
0.015680
0.000109
0.002574
0.036473
0.004778
0.003525
0.001764
0.214750
0.599807
0.001421
0.000016
0.086884
0.001005
0.547580
0.090930
0.002840
0.010934
0.001650
0.000013
0.120678
0.000096
0.206242
0.089125
0.287003
0.000030
0.070072
0.000155
0.074722
0.057832
0.000001
0.032734
0.060868
0.003062
0.190041
0.137805
0.000119
0.237281
0.000001
0.073962
0.035820
0.000003
0.095967
0.000047
0.015123
0.002577
0.001989
0.000005
0.133837
0.001562
0.160170
0.000666
0.011152
0.030496
0.004408
0.010060
0.000055
0.000602
0.353016
0.080598
0.574240
0.013527
0.000137
0.164790
0.047999
0.000014
0.180852
0.146042
0.000003
0.002048
0.038809
0.000031
0.001397
0.044089
0.000260
0.034071
0.104021
0.034973
0.000009
0.088412
0.001066
0.171927
0.000986
0.089095
0.102257
0.000003
0.004874
0.000204
0.000022
0.013383
0.061848
0.007222
0.003346
0.000096
0.131513
0.000031
0.000033
0.048856
0.002104
0.006835
0.118975
0.001718
0.001865
0.529276
0.016871
0.009703
0.000055
0.000001
0.001311
0.000059
0.000621
0.059529
0.105155
0.012214
0.000770
0.079111
0.016023
0.000363
0.000094
0.000052
0.185232
0.002328
0.005688
0.000095
0.001778
0.011963
0.001791
0.001542
0.058665
0.000326
0.010056
0.010462
0.001174
0.000650
0.587580
0.004822
0.003321
0.014770
0.187143
0.371948
0.047778
0.000000
0.000752
0.000015
0.006126
0.000130
0.063191
0.037367
0.005848
0.001015
0.025576
0.000380
0.213177
0.030900
0.000057
0.012214
0.002042
0.005590
0.378496
0.056415
0.072338
