0.007634
0.528139
0.147239
0.033421
0.031933
0.238307
0.090446
0.389280
0.631020
0.125028
0.688598
0.002021
0.013636
0.123549
0.017489
0.004173
0.960174
0.908669
0.714658
0.382518
0.280898
0.441853
0.654389
0.017220
0.059757
0.311805
0.712088
0.357504
0.047542
0.058583
0.194835
0.271317
0.016573
0.027996
0.021554
0.543672
0.000159
0.585117
0.145035
0.534744
0.028390
0.682341
0.019641
0.242307
0.175377
0.031263
0.091570
0.074442
0.517839
0.092860
0.104570
0.145538
0.002838
0.363981
0.696373
0.181126
0.005099
0.000772
0.160319
0.012989
0.114140
0.022693
0.677731
0.041282
0.384925
0.091112
0.247556
0.239750
0.126561
0.617636
0.066436
0.048580
0.163322
0.434153
0.807110
0.294810
0.854250
0.012634
0.092182
0.362866
0.543328
0.017265
0.891240
0.249610
0.099989
0.511765
0.011347
0.086506
0.020927
0.379643
0.533033
0.692252
0.000338
0.002463
0.198125
0.081309
0.002633
0.088887
0.470450
0.512439
0.576692
0.894200
0.172983
0.060657
0.052428
0.940507
0.154454
0.155515
0.404712
0.271847
0.796167
0.009771
0.041743
0.322914
0.808916
0.044215
0.182339
0.018080
0.413318
0.065753
0.790410
0.009760
0.103136
0.010712
0.652491
0.302115
0.124307
0.279117
0.220233
0.011156
0.279039
0.046955
0.631139
0.018272
0.122441
0.794976
0.415133
0.000210
0.504605
0.033154
0.109227
0.328527
0.119824
0.013926
0.079649
0.516487
0.223211
0.007479
0.273822
0.000132
0.245026
0.154117
0.101317
0.276575
0.213177
0.205571
0.169624
0.091356
0.049186
0.399264
0.386663
0.059695
0.700017
0.413318
0.184784
0.663639
0.001672
0.092274
0.122559
0.133073
0.231867
0.000514
0.008489
0.052318
0.502933
