0.012732
0.034645
0.000003
0.007920
0.012093
0.087528
0.037556
0.208205
0.000013
0.000615
0.000089
0.000071
0.038143
0.001806
0.291286
0.008552
0.008298
0.094544
0.000000
0.111496
0.001200
0.000231
0.155709
0.000000
0.001134
0.020210
0.000471
0.001083
0.000250
0.190785
0.000163
0.006654
0.244816
0.140313
0.003790
0.008334
0.008854
0.000130
0.001813
0.000000
0.001871
0.010580
0.000184
0.022316
0.001871
0.000031
0.000002
0.065889
0.021757
0.001004
0.413318
0.023493
0.000116
0.000104
0.004715
0.000000
0.009509
0.130843
0.002874
0.009703
0.000232
0.000086
0.077781
0.000231
0.000095
0.093419
0.009513
0.052134
0.000000
0.006677
0.000264
0.055012
0.247063
0.005443
0.000049
0.077281
0.374123
0.000108
0.076082
0.143401
0.004856
0.002836
0.083618
0.343346
0.009764
0.003672
0.027233
0.000132
0.054112
0.008227
0.001640
0.002078
0.100684
0.000034
0.002572
0.385503
0.009242
0.030585
0.005170
0.000031
0.096254
0.000079
0.563300
0.000045
0.018369
0.000718
0.000299
0.000146
0.040042
0.103136
0.115745
0.000263
0.000275
0.013857
0.276575
0.000155
0.005677
0.111278
0.000000
0.016769
0.003267
0.353290
0.016405
0.023854
0.002181
0.002849
0.030911
0.000005
0.001849
0.001694
0.002305
0.000241
0.002345
0.086739
0.443633
0.001582
0.142186
0.000016
0.001442
0.372137
0.064762
0.000199
0.010080
0.024848
0.475323
0.000004
0.246359
0.001571
0.011550
0.965325
0.453965
0.147239
0.002455
0.024139
0.052281
0.076445
0.002600
0.026805
0.000219
0.220169
0.003017
0.021394
0.077570
0.012845
0.035368
0.013548
0.001903
0.000074
0.000109
0.016108
0.197063
0.065458
0.135335
0.000040
0.126846
