0.017528
0.092922
0.721764
0.000331
0.032461
0.294167
0.025359
0.666365
0.340845
0.096478
0.000375
0.179266
0.018141
0.291685
0.073584
0.003515
0.079838
0.053753
0.526209
0.000318
0.553690
0.056514
0.016145
0.011707
0.071039
0.063828
0.132649
0.008844
0.044231
0.140490
0.088590
0.021037
0.000562
0.029844
0.534858
0.253395
0.095713
0.243699
0.287477
0.052705
0.618110
0.155225
0.337825
0.002461
0.496379
0.661149
0.969463
0.095523
0.337648
0.017515
0.326447
0.292964
0.690249
0.307886
0.236531
0.019871
0.097313
0.372798
0.419182
0.228865
0.150833
0.122008
0.062386
0.002279
0.085237
0.310467
0.463777
0.122047
0.367716
0.151306
0.130509
0.004627
0.168120
0.795842
0.013584
0.012533
0.048323
0.234630
0.017991
0.075361
0.100419
0.718506
0.053885
0.022559
0.011631
0.326187
0.000026
0.058951
0.214057
0.439452
0.386566
0.323601
0.667787
0.052631
0.927460
0.138373
0.006214
0.009100
0.064694
0.151117
0.551497
0.641576
0.249965
0.645016
0.174629
0.838030
0.453753
0.031002
0.149986
0.218820
0.042285
0.127661
0.826151
0.247627
0.001201
0.064249
0.193671
0.464421
0.254475
0.729884
0.034407
0.304414
0.145081
0.144853
0.001012
0.011798
0.013388
0.393470
0.384250
0.152634
0.413922
0.043745
0.373271
0.032591
0.049745
0.317198
0.364074
0.054627
0.072338
0.000665
0.078337
0.874722
0.089693
0.459711
0.481311
0.019232
0.011208
0.625806
0.626991
0.305486
0.052984
0.001359
0.329136
0.264942
0.140801
0.715008
0.555885
0.000492
0.004143
0.004359
0.221460
0.009677
0.614679
0.251104
0.433015
0.013019
0.229662
0.010527
0.079919
0.455876
0.047829
0.100220
0.089244
0.066459
0.003073
