0.022308
0.114437
0.110627
0.355118
0.187708
0.042604
0.035781
0.043201
0.000924
0.000153
0.043449
0.003333
0.000248
0.000989
0.169676
0.003970
0.074214
0.050257
0.003232
0.106894
0.288346
0.054436
0.355393
0.110519
0.000824
0.001198
0.000055
0.000251
0.368279
0.000716
0.005357
0.002871
0.000116
0.021282
0.031643
0.000062
0.109692
0.000202
0.000010
0.091478
0.000001
0.195185
0.036473
0.003255
0.000154
0.010712
0.023651
0.003739
0.007146
0.001376
0.000017
0.026025
0.003392
0.001920
0.010333
0.000008
0.000267
0.006194
0.009308
0.019326
0.008071
0.005308
0.216841
0.050275
0.000022
0.020438
0.000375
0.203930
0.051296
0.000338
0.002309
0.268153
0.099659
0.000003
0.159477
0.008875
0.184115
0.000189
0.000346
0.024455
0.009874
0.000437
0.000076
0.018952
0.059736
0.000086
0.030652
0.000325
0.000306
0.000223
0.000237
0.239062
0.043885
0.002582
0.000052
0.010249
0.000073
0.007541
0.009406
0.000494
0.000066
0.002731
0.031898
0.000016
0.163625
0.002827
0.001333
0.004174
0.012318
0.000319
0.002180
0.000061
0.012776
0.000250
0.005306
0.022191
0.006690
0.015739
0.001652
0.001082
0.000086
0.000219
0.007143
0.004719
0.005636
0.000000
0.000449
0.000384
0.003152
0.016757
0.000405
0.000000
0.043310
0.130135
0.001163
0.000576
0.000175
0.035858
0.045900
0.007084
0.000341
0.001102
0.000047
0.130760
0.111605
0.017220
0.050311
0.000090
0.003216
0.002092
0.689659
0.047778
0.000411
0.000252
0.012924
0.003386
0.000149
0.002749
0.000223
0.000003
0.015285
0.000045
0.000341
0.071674
0.000303
0.003449
0.328701
0.248122
0.177313
0.005193
0.078603
0.049168
0.000206
0.017641
0.005537
