0.145767
0.064316
0.075876
0.433636
0.000073
0.001471
0.034407
0.008495
0.092274
0.382134
0.000179
0.027852
0.000130
0.118744
0.004599
0.017449
0.281131
0.235647
0.021210
0.000330
0.010048
0.014719
0.221783
0.000000
0.024274
0.336587
0.001406
0.006073
0.077544
0.050471
0.000193
0.065143
0.010206
0.224712
0.313652
0.034594
0.000134
0.000353
0.007222
0.020240
0.007583
0.069712
0.015835
0.000110
0.000979
0.000002
0.776768
0.006552
0.021195
0.022399
0.016712
0.068998
0.000051
0.007185
0.037774
0.000097
0.063850
0.003667
0.023519
0.000016
0.032026
0.008858
0.030129
0.115557
0.034232
0.099429
0.126886
0.020724
0.124627
0.000436
0.172560
0.018417
0.000906
0.002987
0.019671
0.132565
0.000111
0.000089
0.000000
0.005853
0.095079
0.015974
0.183725
0.081336
0.198066
0.000030
0.004049
0.011049
0.026256
0.000500
0.011885
0.005923
0.001259
0.181401
0.000591
0.013189
0.060216
0.000198
0.000344
0.003820
0.007140
0.022753
0.000002
0.000165
0.006810
0.001651
0.004868
0.006434
0.035407
0.062408
0.000535
0.004942
0.006792
0.003722
0.000383
0.002721
0.117141
0.211551
0.000017
0.006552
0.000879
0.000215
0.000275
0.000002
0.005693
0.257443
0.285822
0.492289
0.005397
0.000721
0.000296
0.000200
0.007073
0.225630
0.126521
0.009135
0.011577
0.001106
0.000410
0.000212
0.108409
0.021538
0.000018
0.000008
0.001621
0.191820
0.374123
0.738881
0.183725
0.000409
0.000804
0.006688
0.001456
0.153016
0.000215
0.006902
0.439869
0.364447
0.014917
0.133030
0.000167
0.004021
0.000207
0.000002
0.274661
0.000000
0.106474
0.290728
0.003343
0.003100
0.000030
0.015841
0.000879
0.000020
0.219976
