0.442481
0.181236
0.027506
0.914233
0.069022
0.418776
0.026334
0.675010
0.378783
0.811456
0.021506
0.019871
0.856746
0.422846
0.052115
0.004010
0.546315
0.549998
0.196533
0.103068
0.010253
0.607236
0.402131
0.252248
0.033750
0.406305
0.212613
0.080953
0.000512
0.037924
0.227012
0.396213
0.090234
0.311136
0.061335
0.015502
0.824194
0.697078
0.638728
0.044946
0.427965
0.001486
0.850961
0.033616
0.833192
0.134991
0.333680
0.191015
0.043698
0.552997
0.022109
0.176773
0.184226
0.066849
0.376971
0.006182
0.692605
0.055108
0.078470
0.038447
0.092706
0.230262
0.045074
0.776879
0.156243
0.396606
0.104983
0.285900
0.349289
0.232203
0.127620
0.138067
0.118514
0.028526
0.052171
0.368654
0.049517
0.116422
0.490745
0.009718
0.060615
0.054037
0.126886
0.074697
0.000059
0.215382
0.277574
0.774546
0.154213
0.475540
0.003849
0.108942
0.031805
0.415234
0.349924
0.037801
0.872359
0.351013
0.088917
0.112518
0.169156
0.750214
0.000030
0.077334
0.158983
0.117979
0.094105
0.009681
0.701896
0.002532
0.921605
0.138286
0.235579
0.173459
0.817757
0.043682
0.291047
0.220298
0.396410
0.006875
0.000696
0.085985
0.276192
0.000269
0.147100
0.005645
0.725249
0.352378
0.022266
0.000942
0.021466
0.174150
0.004206
0.001336
0.312140
0.642169
0.254835
0.195244
0.252893
0.002977
0.103919
0.388989
0.669682
0.187087
0.009089
0.721880
0.229463
0.289933
0.567715
0.712322
0.915069
0.066803
0.486676
0.164080
0.011676
0.000798
0.023624
0.371382
0.261099
0.415133
0.174256
0.002310
0.310634
0.086943
0.359624
0.465387
0.004692
0.070796
0.119244
0.467754
0.340133
0.004921
0.060153
0.016681
0.428890
