0.639440
0.525642
0.867113
0.297474
0.722694
0.010593
0.007846
0.874722
0.396803
0.317113
0.994370
0.244746
0.538630
0.604640
0.350377
0.436850
0.923486
0.330529
0.269505
0.176989
0.612906
0.060573
0.511204
0.087059
0.267778
0.130135
0.094261
0.926617
0.317707
0.085841
0.855980
0.246711
0.995279
0.833395
0.264868
0.048306
0.551728
0.806471
0.560052
0.117902
0.183225
0.495162
0.438827
0.182837
0.260732
0.983965
0.620595
0.606528
0.781966
0.497155
0.451317
0.273289
0.223211
0.482294
0.729652
0.605820
0.549653
0.829021
0.366313
0.428581
0.519758
0.285900
0.306560
0.257734
0.612197
0.758616
0.594745
0.108800
0.191187
0.070844
0.631732
0.821297
0.032202
0.344421
0.957445
0.220233
0.268979
0.858939
0.038879
0.248617
0.617873
0.975209
0.619293
0.811456
0.875084
0.187595
0.348565
0.308634
0.476626
0.292644
0.659252
0.875175
0.479238
0.321713
0.925344
0.173512
0.491517
0.353016
0.223016
0.717224
0.401141
0.180962
0.273061
0.636949
0.278576
0.742670
0.995725
0.812932
0.283313
0.182173
0.186242
0.376305
0.002637
0.791391
0.646203
0.011156
0.121029
0.550690
0.455132
0.537257
0.127294
0.775102
0.347301
0.297879
0.464099
0.008246
0.699547
0.706588
0.125188
0.999223
0.335704
0.322914
0.525302
0.260658
0.819946
0.506056
0.875084
0.185792
0.143311
0.105362
0.677376
0.578678
0.842715
0.021514
0.015461
0.778431
0.999746
0.049047
0.465387
0.442586
0.444367
0.294167
0.843805
0.509747
0.003039
0.325582
0.466677
0.123669
0.118514
0.240922
0.622845
0.928297
0.608063
0.612670
0.067986
0.050738
0.979166
0.872176
0.008515
0.390836
0.172296
0.328527
0.331315
0.623081
0.295052
