0.544706
0.000665
0.496047
0.534972
0.037651
0.572607
0.548846
0.578094
0.261982
0.416446
0.187708
0.355760
0.019546
0.653559
0.322227
0.617045
0.123947
0.758050
0.694607
0.443738
0.460138
0.229529
0.091814
0.786803
0.689895
0.663758
0.129017
0.382902
0.175163
0.077649
0.038006
0.078710
0.849306
0.303345
0.406704
0.842616
0.099363
0.546545
0.301052
0.748618
0.153398
0.539431
0.672051
0.128030
0.972283
0.160468
0.873270
0.122283
0.871536
0.023607
0.785816
0.827998
0.511653
0.754877
0.827383
0.155225
0.445731
0.388600
0.594040
0.427349
0.170772
0.998427
0.407901
0.741523
0.305156
0.011908
0.544017
0.146363
0.953019
0.895625
0.771984
0.483060
0.347481
0.281831
0.025548
0.119360
0.608771
0.432808
0.641576
0.808491
0.490745
0.642762
0.190384
0.319408
0.379165
0.557736
0.787898
0.471314
0.658303
0.172402
0.383095
0.000304
0.969765
0.668379
0.609243
0.386663
0.912551
0.916802
0.904465
0.361381
0.401537
0.248334
0.633510
0.012144
0.869332
0.293686
0.987857
0.406803
0.229662
0.141336
0.266880
0.856746
0.405309
0.812616
0.836825
0.538286
0.184226
0.005338
0.068951
0.234765
0.824091
0.190900
0.294730
0.507956
0.664232
0.137499
0.451317
0.181236
0.004065
0.554383
0.639322
0.044215
0.413620
0.303592
0.282376
0.642406
0.395232
0.598982
0.691427
0.702366
0.436331
0.667076
0.135421
0.419182
0.667076
0.194602
0.228798
0.443004
0.622371
0.688244
0.116045
0.665773
0.543902
0.942322
0.867762
0.314662
0.480219
0.151589
0.541149
0.754991
0.795951
0.726641
0.677140
0.120444
0.740949
0.102864
0.829837
0.401438
0.975779
0.277805
0.747476
0.158147
0.526096
0.245657
0.163473
