0.003561
0.011277
0.270636
0.000658
0.000045
0.000001
0.014430
0.136717
0.017006
0.027924
0.000041
0.275732
0.168068
0.325410
0.010998
0.000043
0.024473
0.000367
0.015632
0.000003
0.086884
0.521452
0.000980
0.002008
0.176020
0.000024
0.141202
0.654626
0.064762
0.000060
0.000109
0.084353
0.000001
0.000366
0.029291
0.076264
0.000095
0.001840
0.003039
0.034432
0.000268
0.000950
0.000857
0.105674
0.272909
0.068714
0.000282
0.148491
0.010762
0.003390
0.000001
0.079757
0.086681
0.000013
0.000431
0.000010
0.101786
0.002978
0.018012
0.000366
0.000044
0.001449
0.009516
0.016324
0.057610
0.000091
0.284957
0.000397
0.000122
0.000000
0.006625
0.008315
0.001368
0.000021
0.079272
0.010725
0.001399
0.178776
0.000086
0.005711
0.001160
0.052226
0.000301
0.002504
0.002388
0.000102
0.508068
0.000117
0.008848
0.014568
0.000315
0.026053
0.004151
0.038683
0.006552
0.245446
0.006495
0.000003
0.000083
0.000454
0.006049
0.015878
0.047256
0.015326
0.284017
0.046590
0.002819
0.012840
0.204962
0.001287
0.000003
0.001262
0.098415
0.258682
0.066367
0.209006
0.007242
0.329310
0.002834
0.594981
0.000932
0.019715
0.000484
0.006150
0.007724
0.011413
0.013419
0.000027
0.000359
0.031332
0.000113
0.000818
0.002497
0.007770
0.070264
0.000774
0.002498
0.000710
0.034620
0.012356
0.000472
0.000567
0.000002
0.112335
0.125349
0.194427
0.306974
0.000096
0.071796
0.000150
0.001049
0.000000
0.000559
0.181952
0.286688
0.042940
0.145767
0.011780
0.004446
0.001789
0.000968
0.000103
0.139516
0.019095
0.000443
0.069259
0.002469
0.075361
0.028959
0.001506
0.000199
0.000180
0.000679
0.086216
0.006037
