0.518742
0.353746
0.151542
0.054992
0.049099
0.043527
0.034220
0.153494
0.334032
0.000003
0.022241
0.005423
0.327312
0.146870
0.993898
0.022897
0.301379
0.022416
0.001257
0.104638
0.486017
0.062733
0.101384
0.045493
0.028422
0.814615
0.014860
0.000390
0.096254
0.115632
0.203326
0.042330
0.202301
0.598158
0.290171
0.324289
0.801876
0.000535
0.567832
0.481639
0.099857
0.155032
0.104090
0.140935
0.146225
0.469586
0.311554
0.455345
0.021139
0.014485
0.375166
0.003170
0.609007
0.059716
0.034935
0.186805
0.104845
0.475214
0.473479
0.247698
0.005530
0.021797
0.000057
0.040129
0.240784
0.185064
0.229995
0.334911
0.094261
0.596275
0.272529
0.279039
0.359255
0.608771
0.066688
0.620950
0.012466
0.028790
0.056970
0.015829
0.237145
0.011582
0.426323
0.717806
0.802412
0.518855
0.967162
0.028286
0.201041
0.000967
0.000630
0.248971
0.042497
0.712205
0.601810
0.106544
0.001336
0.176235
0.461314
0.154502
0.000438
0.404911
0.747248
0.113326
0.064316
0.085725
0.152634
0.533375
0.211613
0.057370
0.335616
0.087939
0.883636
0.120639
0.045574
0.001755
0.645016
0.518291
0.002456
0.005287
0.109513
0.867762
0.004232
0.133710
0.279117
0.250677
0.066780
0.112445
0.003478
0.322142
0.631494
0.203507
0.703305
0.816084
0.114697
0.051495
0.686002
0.019939
0.082387
0.316436
0.176989
0.077281
0.010955
0.157217
0.085783
0.047542
0.115108
0.440809
0.487664
0.620595
0.610661
0.805512
0.117483
0.009128
0.000056
0.068573
0.074849
0.055827
0.032902
0.085008
0.382038
0.086245
0.136630
0.935213
0.027557
0.093077
0.354661
0.388116
0.004588
0.492620
0.405408
0.875536
0.042482
0.037233
0.680332
