0.001137
0.023845
0.051750
0.447519
0.547005
0.293285
0.017116
0.536457
0.886601
0.000133
0.021076
0.000571
0.366126
0.172138
0.632087
0.150409
0.747362
0.075566
0.014872
0.166064
0.661387
0.420401
0.711270
0.048649
0.876077
0.261319
0.023528
0.008205
0.017142
0.113769
0.041164
0.318642
0.009373
0.055690
0.006241
0.124547
0.064583
0.011582
0.024536
0.066162
0.301788
0.007462
0.726873
0.275962
0.446677
0.001125
0.010976
0.696490
0.319067
0.028401
0.403122
0.112554
0.438515
0.515924
0.000147
0.142006
0.545510
0.867391
0.577510
0.052484
0.071087
0.010037
0.066116
0.020825
0.047273
0.710685
0.005078
0.136760
0.152682
0.000275
0.203265
0.323429
0.169156
0.060510
0.341380
0.020157
0.049342
0.067126
0.085524
0.547810
0.810822
0.071870
0.275120
0.117864
0.310467
0.903984
0.136067
0.335087
0.016299
0.378496
0.017937
0.028038
0.464850
0.417357
0.225564
0.003883
0.184896
0.327746
0.136977
0.113585
0.001818
0.383576
0.076212
0.614325
0.002132
0.061591
0.006082
0.002649
0.402428
0.693548
0.000542
0.026471
0.110159
0.000188
0.014480
0.001367
0.385407
0.207037
0.022838
0.347210
0.012261
0.269807
0.100452
0.007509
0.002149
0.023978
0.172771
0.000994
0.136587
0.648694
0.343435
0.136847
0.029087
0.502042
0.150362
0.197652
0.093201
0.058644
0.061144
0.000885
0.243141
0.000473
0.206976
0.559589
0.199311
0.766390
0.188105
0.729999
0.673708
0.139120
0.019031
0.282688
0.080843
0.460459
0.127825
0.063279
0.424787
0.000261
0.103748
0.113511
0.202783
0.017057
0.006003
0.078019
0.023863
0.230529
0.000118
0.104638
0.291446
0.952963
0.001579
0.329310
0.031184
0.061826
0.065526
