0.062668
0.033178
0.005281
0.003583
0.089364
0.000008
0.000094
0.174576
0.001546
0.000000
0.103816
0.000000
0.238719
0.003896
0.065957
0.092644
0.082665
0.000097
0.000005
0.000096
0.212738
0.000025
0.001594
0.000002
0.000011
0.239131
0.087704
0.040476
0.012954
0.027374
0.004494
0.061826
0.014674
0.029355
0.000285
0.356035
0.054169
0.001116
0.058399
0.000495
0.482403
0.081446
0.007800
0.005670
0.039315
0.033323
0.048306
0.005464
0.000039
0.000090
0.002568
0.000159
0.503824
0.000019
0.025766
0.001025
0.016448
0.318897
0.020104
0.040899
0.000000
0.004781
0.000044
0.009117
0.261982
0.006058
0.156486
0.003641
0.000090
0.003467
0.062473
0.005176
0.045251
0.000953
0.070360
0.002163
0.012509
0.000000
0.018169
0.000522
0.000014
0.000004
0.002908
0.059467
0.032402
0.000122
0.000001
0.000093
0.024600
0.000012
0.000235
0.014304
0.060911
0.000107
0.000676
0.096542
0.004085
0.047829
0.013905
0.006693
0.000713
0.000006
0.122244
0.154935
0.005499
0.050311
0.016865
0.114400
0.109764
0.000042
0.077150
0.010829
0.016405
0.002642
0.001393
0.002997
0.091631
0.356310
0.002064
0.063410
0.004305
0.064049
0.001991
0.009308
0.009149
0.070000
0.001148
0.143853
0.001197
0.083393
0.001958
0.017890
0.423458
0.095681
0.042451
0.269656
0.059260
0.002178
0.007691
0.174469
0.012408
0.000225
0.190041
0.156827
0.000147
0.005666
0.001619
0.000009
0.000137
0.013388
0.330791
0.057370
0.000132
0.032485
0.000000
0.001635
0.089125
0.004521
0.002263
0.145446
0.047643
0.020400
0.088560
0.065685
0.000034
0.011600
0.010041
0.002752
0.001849
0.000709
0.000299
0.081888
0.000572
0.000011
0.023336
