0.039230
0.007101
0.032355
0.323773
0.002147
0.224255
0.667313
0.062820
0.233751
0.431362
0.062777
0.003821
0.189812
0.135249
0.077255
0.102560
0.614443
0.765379
0.040490
0.529958
0.183059
0.107843
0.018438
0.324375
0.752491
0.169624
0.798435
0.641338
0.158786
0.005176
0.043217
0.992703
0.006449
0.768967
0.230796
0.014563
0.000006
0.159923
0.000974
0.000556
0.125228
0.616572
0.086419
0.285350
0.299503
0.202903
0.070457
0.349833
0.586758
0.021052
0.098708
0.420808
0.694725
0.135292
0.001334
0.208389
0.666010
0.647152
0.077702
0.352287
0.126197
0.123232
0.028526
0.000446
0.334647
0.004168
0.011524
0.504828
0.054819
0.287556
0.128810
0.000296
0.020919
0.090900
0.056297
0.531552
0.047745
0.368560
0.335440
0.144216
0.935147
0.080081
0.107667
0.012989
0.805726
0.029463
0.681987
0.026904
0.492841
0.056494
0.532577
0.215382
0.307969
0.525529
0.238444
0.042134
0.082192
0.048770
0.597687
0.644660
0.180742
0.914081
0.232539
0.098610
0.577042
0.293445
0.154406
0.006741
0.106894
0.067288
0.021546
0.027976
0.090930
0.359624
0.309300
0.449099
0.003044
0.498042
0.575290
0.332540
0.261614
0.097410
0.023406
0.022710
0.002360
0.004627
0.014686
0.289694
0.406903
0.218116
0.059446
0.013465
0.760762
0.040841
0.513899
0.202481
0.583242
0.013731
0.565506
0.514461
0.117369
0.212050
0.667550
0.031758
0.005207
0.164790
0.123828
0.001700
0.555885
0.048374
0.350468
0.001380
0.046590
0.204537
0.521113
0.117635
0.022125
0.189527
0.131429
0.068502
0.639440
0.361289
0.760085
0.109120
0.695196
0.395036
0.304085
0.266880
0.003141
0.083561
0.276805
0.148864
0.367997
0.240922
0.017070
