0.128728
0.493172
0.000251
0.153111
0.649881
0.301706
0.005754
0.299015
0.933952
0.073034
0.078737
0.152825
0.299259
0.817235
0.868040
0.269355
0.031138
0.002893
0.000614
0.503156
0.813669
0.738191
0.061314
0.536343
0.001527
0.285743
0.459925
0.087498
0.156291
0.016133
0.052539
0.167192
0.708228
0.025088
0.834103
0.357137
0.340400
0.035989
0.940570
0.019319
0.025172
0.141157
0.022804
0.394644
0.662454
0.534288
0.229396
0.248829
0.226616
0.219013
0.154357
0.024085
0.358886
0.534516
0.945139
0.387437
0.074265
0.456302
0.083533
0.006667
0.003905
0.202481
0.041594
0.219462
0.543902
0.127784
0.163827
0.004323
0.003247
0.004471
0.270939
0.916050
0.005170
0.361289
0.130301
0.214372
0.357688
0.771761
0.160419
0.006426
0.666128
0.003636
0.017621
0.173459
0.890302
0.376876
0.476843
0.363237
0.063784
0.273975
0.206731
0.414426
0.876887
0.239818
0.090295
0.049675
0.288980
0.647389
0.000839
0.313652
0.041773
0.255702
0.081419
0.342005
0.031447
0.042527
0.632917
0.199252
0.007031
0.277651
0.476083
0.001721
0.202602
0.084154
0.033591
0.009300
0.019341
0.028328
0.055301
0.308302
0.313904
0.171927
0.000240
0.023960
0.000852
0.341469
0.001719
0.060363
0.081172
0.001709
0.231130
0.506168
0.014168
0.026247
0.550459
0.001891
0.126359
0.413519
0.487005
0.295374
0.141024
0.354020
0.044468
0.005382
0.067729
0.165349
0.306395
0.226024
0.234968
0.192281
0.028027
0.717690
0.090114
0.471531
0.050009
0.353381
0.266507
0.418878
0.163827
0.096991
0.022508
0.740834
0.770198
0.678441
0.011542
0.002550
0.223537
0.801876
0.071821
0.732658
0.030877
0.001442
0.131723
0.442900
0.007970
