0.002250
0.105086
0.003695
0.003885
0.020354
0.304497
0.312392
0.089723
0.000620
0.043063
0.197181
0.000000
0.083084
0.002214
0.450683
0.083759
0.232942
0.104673
0.003728
0.000787
0.290569
0.001667
0.050649
0.016127
0.000006
0.003948
0.424889
0.060657
0.000147
0.000715
0.002346
0.001542
0.224124
0.227672
0.045737
0.000316
0.049412
0.000000
0.000217
0.066551
0.099758
0.000039
0.035716
0.036606
0.032580
0.024229
0.019487
0.084552
0.056356
0.030641
0.063498
0.000000
0.000009
0.000697
0.121185
0.000010
0.040870
0.260658
0.000827
0.000007
0.460032
0.007132
0.001069
0.130093
0.418979
0.031770
0.001703
0.001019
0.001202
0.018577
0.000061
0.008924
0.031002
0.000442
0.086564
0.000003
0.074392
0.008295
0.001857
0.018760
0.001362
0.000001
0.018431
0.066619
0.000626
0.124867
0.001250
0.000046
0.098937
0.000039
0.011475
0.700370
0.000385
0.002363
0.062257
0.003141
0.013306
0.013114
0.017383
0.000046
0.005937
0.000321
0.000045
0.000105
0.003025
0.119979
0.001571
0.009602
0.029452
0.117103
0.137020
0.000359
0.201580
0.009432
0.158934
0.193439
0.020233
0.000000
0.179048
0.005316
0.102257
0.016592
0.152873
0.011618
0.035317
0.000186
0.256064
0.005561
0.019399
0.092953
0.146685
0.000112
0.004444
0.222756
0.001759
0.185792
0.048822
0.007180
0.000094
0.000100
0.058318
0.001324
0.136673
0.023111
0.000088
0.017410
0.067636
0.002714
0.000479
0.041194
0.001136
0.002559
0.030429
0.064027
0.052447
0.213177
0.000690
0.011225
0.309966
0.000247
0.032699
0.000226
0.108906
0.071478
0.000306
0.000186
0.262572
0.008889
0.000690
0.048306
0.001650
0.004814
0.249113
0.006669
0.893358
