0.206915
0.565274
0.148398
0.416446
0.833294
0.513562
0.601928
0.001454
0.215003
0.248192
0.227144
0.202421
0.220427
0.585703
0.998143
0.273061
0.659371
0.334383
0.740030
0.458005
0.956547
0.990573
0.425913
0.210182
0.661861
0.044691
0.840827
0.130968
0.794651
0.848622
0.262498
0.806365
0.175591
0.186974
0.128399
0.042013
0.135852
0.914689
0.244676
0.655931
0.516037
0.005193
0.796383
0.342541
0.341291
0.773322
0.137936
0.516037
0.516712
0.447203
0.168120
0.026344
0.499041
0.031366
0.448045
0.256572
0.051586
0.997458
0.528708
0.017019
0.293205
0.629716
0.339688
0.500262
0.329919
0.879838
0.184393
0.175163
0.731156
0.097442
0.898365
0.349289
0.942011
0.745876
0.297636
0.160568
0.244327
0.314325
0.962215
0.073660
0.288346
0.012835
0.886514
0.929888
0.297879
0.752036
0.175538
0.099133
0.594275
0.945139
0.214877
0.709515
0.858083
0.758729
0.589575
0.265761
0.492730
0.398968
0.182450
0.525529
0.231867
0.684467
0.128317
0.484264
0.152064
0.744045
0.057490
0.366406
0.742326
0.411106
0.503044
0.148305
0.909139
0.141827
0.557042
0.775213
0.122008
0.330093
0.370346
0.438723
0.034494
0.544361
0.858749
0.771984
0.211925
0.552997
0.915144
0.242030
0.134648
0.698960
0.487994
0.010289
0.268979
0.508180
0.943923
0.333680
0.856076
0.017194
0.801554
0.365099
0.525302
0.168637
0.596981
0.395134
0.302853
0.622134
0.562951
0.152016
0.580433
0.667669
0.960477
0.173619
0.211551
0.788882
0.614325
0.549653
0.409502
0.123788
0.287161
0.510644
0.321799
0.694961
0.627820
0.682578
0.708111
0.722345
0.224385
0.828407
0.955908
0.178830
0.367248
0.753855
0.123153
0.358702
0.838230
