0.026598
0.050169
0.001204
0.547465
0.029173
0.018053
0.014680
0.004747
0.040418
0.123192
0.000098
0.000038
0.187482
0.143311
0.000012
0.047491
0.075438
0.002768
0.011559
0.000000
0.000004
0.062646
0.018874
0.001718
0.011780
0.002881
0.147887
0.020119
0.000014
0.097798
0.076186
0.000540
0.009621
0.000054
0.020309
0.005255
0.005574
0.023695
0.001943
0.001007
0.001370
0.000016
0.003648
0.010837
0.010158
0.028716
0.095872
0.003964
0.005572
0.115445
0.112628
0.097378
0.073484
0.054954
0.000009
0.000067
0.000718
0.001436
0.001376
0.167038
0.004430
0.108622
0.037856
0.031424
0.405607
0.000350
0.003464
0.023960
0.258682
0.003191
0.000012
0.075669
0.004960
0.004498
0.000037
0.041983
0.015135
0.000241
0.038034
0.000006
0.002131
0.020639
0.010576
0.022283
0.000176
0.005851
0.012447
0.000265
0.009232
0.243559
0.000003
0.045916
0.005475
0.001721
0.085610
0.028141
0.017396
0.025804
0.027013
0.003323
0.002892
0.003733
0.000014
0.003883
0.003792
0.001408
0.000293
0.012327
0.018655
0.000028
0.178504
0.478693
0.031401
0.063542
0.016386
0.015956
0.178178
0.018789
0.168949
0.026111
0.000000
0.001669
0.013579
0.001471
0.001878
0.001861
0.161165
0.025690
0.004537
0.000253
0.000482
0.006073
0.000004
0.000001
0.001564
0.200383
0.001521
0.002502
0.000328
0.091143
0.001232
0.000260
0.047089
0.047390
0.009787
0.056376
0.000011
0.048753
0.003666
0.078099
0.029506
0.291525
0.023607
0.000002
0.002465
0.000170
0.000002
0.024783
0.002124
0.002324
0.012737
0.000000
0.001840
0.008087
0.050328
0.009768
0.024094
0.000178
0.000022
0.001749
0.000012
0.000115
0.019782
0.000223
0.022651
