0.106369
0.042802
0.607354
0.109370
0.195595
0.021748
0.838631
0.797356
0.675365
0.478911
0.825534
0.818905
0.014452
0.130426
0.341469
0.209748
0.059778
0.030229
0.109120
0.349924
0.737501
0.058318
0.336852
0.660438
0.004659
0.312727
0.025472
0.707993
0.011178
0.295696
0.718622
0.069117
0.706471
0.446572
0.996719
0.577042
0.407502
0.947349
0.038336
0.896708
0.086448
0.110231
0.942011
0.114177
0.920436
0.075258
0.194020
0.486237
0.779316
0.709632
0.636119
0.469155
0.310718
0.330006
0.914765
0.044532
0.105224
0.919701
0.448256
0.007643
0.131219
0.666365
0.791500
0.128276
0.095016
0.066965
0.976154
0.010088
0.284408
0.264645
0.662454
0.594745
0.694725
0.121459
0.509635
0.200742
0.572490
0.584765
0.771091
0.952852
0.386760
0.134863
0.623437
0.590867
0.211738
0.166166
0.130551
0.463777
0.527799
0.011671
0.044866
0.548962
0.919110
0.461314
0.281753
0.291206
0.293846
0.240784
0.116573
0.783178
0.057711
0.807429
0.580667
0.446151
0.145492
0.894368
0.573890
0.299259
0.331228
0.410203
0.526777
0.925699
0.348475
0.527004
0.226682
0.653440
0.367623
0.024793
0.240715
0.872268
0.938726
0.023580
0.391810
0.014641
0.165962
0.649643
0.528708
0.031321
0.224712
0.875446
0.586993
0.794542
0.357045
0.257516
0.014206
0.362216
0.379165
0.805619
0.906935
0.615271
0.926053
0.600632
0.647389
0.146134
0.495494
0.977834
0.514461
0.393959
0.008589
0.669327
0.875987
0.439974
0.343256
0.138461
0.278962
0.421012
0.386760
0.001598
0.133412
0.027709
0.037842
0.210058
0.125309
0.994175
0.391323
0.884948
0.352560
0.737731
0.226090
0.120912
0.801017
0.331840
0.115033
0.203386
0.018796
