0.808916
0.144262
0.373365
0.619175
0.165655
0.006508
0.602400
0.088530
0.493393
0.042270
0.017109
0.009718
0.106579
0.717340
0.011225
0.032120
0.408001
0.040958
0.055827
0.456727
0.292004
0.956918
0.297960
0.245727
0.503601
0.007211
0.306147
0.246289
0.000056
0.014843
0.194952
0.099232
0.237691
0.016127
0.003310
0.118783
0.001409
0.587345
0.122205
0.832990
0.043341
0.016127
0.401834
0.004085
0.146088
0.699312
0.068150
0.221460
0.298447
0.094105
0.050774
0.799404
0.908197
0.223733
0.398771
0.093730
0.041923
0.597099
0.532235
0.000185
0.004307
0.066253
0.235443
0.188389
0.002349
0.022634
0.054074
0.001368
0.074189
0.075876
0.581837
0.213428
0.056317
0.124507
0.010076
0.234291
0.200025
0.466677
0.115108
0.136283
0.086158
0.114400
0.042467
0.038143
0.003725
0.117674
0.123311
0.631376
0.232808
0.167656
0.024193
0.598040
0.515812
0.459818
0.260145
0.000101
0.573657
0.046178
0.176935
0.173937
0.255920
0.025977
0.144899
0.005999
0.268228
0.280355
0.000013
0.028927
0.070433
0.003664
0.043604
0.157266
0.190441
0.009752
0.123311
0.003815
0.063257
0.000875
0.547235
0.399264
0.135421
0.003617
0.043263
0.006328
0.192512
0.238582
0.049921
0.000452
0.008134
0.284957
0.584414
0.000242
0.508292
0.014109
0.261319
0.241822
0.002633
0.720601
0.001770
0.336940
0.014815
0.027668
0.003507
0.224974
0.826664
0.000192
0.654152
0.001067
0.256499
0.141157
0.211863
0.066139
0.075592
0.042863
0.174416
0.023163
0.237418
0.457472
0.001215
0.330268
0.854539
0.031816
0.222626
0.001780
0.081805
0.209253
0.539431
0.025453
0.011839
0.425811
0.019984
0.392786
0.194136
0.009164
0.353929
