0.003469
0.032962
0.000353
0.004668
0.000000
0.001830
0.151211
0.000230
0.006875
0.120134
0.003695
0.000007
0.000041
0.001094
0.016910
0.004972
0.000121
0.000163
0.000055
0.066048
0.001303
0.001808
0.001199
0.000008
0.003444
0.135593
0.140623
0.000458
0.061335
0.020469
0.002886
0.000406
0.000110
0.000176
0.005395
0.096670
0.000421
0.160817
0.000068
0.727336
0.006066
0.002574
0.031527
0.000969
0.011378
0.002681
0.007652
0.000035
0.001167
0.010671
0.108126
0.002281
0.874994
0.021068
0.000419
0.012028
0.009790
0.006805
0.008465
0.001724
0.000428
0.006241
0.171087
0.025881
0.003091
0.044611
0.023423
0.001437
0.000180
0.271847
0.003406
0.006570
0.025967
0.000756
0.000018
0.000492
0.088887
0.000074
0.152159
0.067520
0.000717
0.121107
0.001725
0.000000
0.039160
0.007989
0.000136
0.000917
0.000812
0.259852
0.000357
0.003145
0.002236
0.037556
0.002225
0.060028
0.000462
0.000266
0.090024
0.116536
0.000213
0.008765
0.016373
0.003464
0.003685
0.000012
0.075156
0.255630
0.642050
0.003524
0.000562
0.007231
0.010766
0.041878
0.042680
0.008680
0.218628
0.000010
0.017200
0.224778
0.003731
0.042194
0.006051
0.028705
0.223667
0.002045
0.000390
0.112408
0.052687
0.000055
0.000068
0.000003
0.000271
0.000013
0.001243
0.001148
0.005521
0.001418
0.008475
0.000012
0.031550
0.000186
0.002799
0.016398
0.316013
0.000053
0.000011
0.002149
0.000138
0.000008
0.004123
0.000002
0.000006
0.000494
0.076160
0.000161
0.178721
0.000976
0.611370
0.060342
0.006567
0.021147
0.124547
0.016674
0.329832
0.000328
0.000038
0.000000
0.000002
0.021052
0.000059
0.003170
0.009124
0.105570
0.001018
