0.946041
0.286372
0.689187
0.727336
0.681987
0.156437
0.246922
0.975286
0.416851
0.137325
0.072363
0.992981
0.246289
0.833192
0.146409
0.105224
0.541722
0.344063
0.116914
0.286372
0.976894
0.324806
0.303099
0.132354
0.618820
0.087176
0.171402
0.446151
0.757031
0.191993
0.098350
0.324375
0.647864
0.546660
0.425503
0.113363
0.592864
0.085639
0.855884
0.009142
0.651423
0.096510
0.127294
0.768072
0.757597
0.960828
0.221007
0.942879
0.269581
0.666958
0.990490
0.598982
0.808916
0.580082
0.524169
0.258536
0.771761
0.850572
0.147470
0.332891
0.403519
0.464958
0.258098
0.365192
0.743358
0.449838
0.638373
0.601810
0.182671
0.044389
0.156973
0.751126
0.094356
0.467646
0.360363
0.772430
0.696608
0.165095
0.175056
0.263089
0.135938
0.292004
0.094544
0.819218
0.430434
0.342898
0.370157
0.907409
0.078844
0.683168
0.415537
0.775658
0.941261
0.623318
0.278576
0.593805
0.289615
0.882052
0.206976
0.751012
0.786255
0.583594
0.557273
0.488104
0.343883
0.197770
0.262941
0.946875
0.068056
0.728379
0.752150
0.937372
0.202963
0.607236
0.102831
0.727336
0.000080
0.676903
0.043341
0.385021
0.020500
0.033775
0.887294
0.471206
0.107034
0.795626
0.739341
0.921021
0.802519
0.687064
0.436331
0.970703
0.345859
0.252534
0.609834
0.966113
0.290489
0.101518
0.109728
0.437682
0.389766
0.088501
0.817026
0.476300
0.883197
0.106894
0.294810
0.282610
0.036579
0.372609
0.256717
0.101317
0.399264
0.068103
0.654508
0.200145
0.691781
0.589810
0.102156
0.214246
0.154069
0.258098
0.064293
0.032003
0.035087
0.375830
0.356035
0.085582
0.544706
0.502599
0.833192
0.437890
0.004884
0.427965
0.498819
