0.222237
0.258026
0.302443
0.113105
0.002997
0.007535
0.067427
0.013948
0.006570
0.095840
0.006754
0.051459
0.460780
0.048357
0.758842
0.304085
0.053980
0.330093
0.186410
0.174523
0.404811
0.178287
0.159923
0.026549
0.176558
0.000895
0.256137
0.001928
0.475757
0.008221
0.131136
0.575524
0.041639
0.083280
0.010654
0.220620
0.287793
0.872724
0.278808
0.015793
0.073685
0.031309
0.384828
0.548386
0.869425
0.444996
0.120444
0.086130
0.040273
0.046326
0.000442
0.369311
0.105328
0.057832
0.229862
0.127743
0.002016
0.004072
0.041549
0.218692
0.002008
0.157461
0.182173
0.639203
0.003105
0.108303
0.105224
0.368466
0.097992
0.510532
0.060174
0.241683
0.106999
0.416244
0.006214
0.063762
0.046080
0.004298
0.069712
0.071993
0.273213
0.575290
0.022702
0.310718
0.221524
0.500485
0.050918
0.011582
0.281365
0.898612
0.193845
0.000066
0.171244
0.071307
0.288980
0.338978
0.094042
0.356127
0.540576
0.034708
0.046194
0.241337
0.003153
0.389183
0.143582
0.000149
0.042300
0.026964
0.804872
0.002610
0.291925
0.267179
0.237623
0.277805
0.012835
0.087910
0.790192
0.039713
0.083843
0.375640
0.014408
0.491406
0.142770
0.256282
0.094293
0.076680
0.659371
0.006878
0.611133
0.522810
0.029258
0.003068
0.063038
0.501041
0.064941
0.353655
0.179538
0.293285
0.390933
0.007556
0.047914
0.038628
0.189755
0.002391
0.293445
0.963333
0.054646
0.024912
0.687654
0.031138
0.056317
0.187030
0.178558
0.087880
0.253971
0.000318
0.099758
0.005295
0.259266
0.170982
0.087118
0.259339
0.009639
0.433222
0.000136
0.549768
0.168534
0.057090
0.001169
0.193033
0.303921
0.070505
0.631613
0.063652
0.407103
