0.213177
0.001681
0.007459
0.014934
0.039456
0.000027
0.007296
0.022150
0.000659
0.033567
0.000166
0.000054
0.260218
0.003011
0.007182
0.020347
0.001207
0.000565
0.055827
0.006557
0.438410
0.587345
0.009203
0.007899
0.000670
0.082470
0.034220
0.510644
0.000201
0.022424
0.044691
0.004467
0.004143
0.004913
0.010466
0.155177
0.000568
0.125671
0.000035
0.000008
0.000140
0.013383
0.002235
0.006258
0.047424
0.033579
0.008153
0.204719
0.115295
0.000274
0.004419
0.028234
0.058379
0.010634
0.000006
0.019723
0.004779
0.000354
0.118093
0.000123
0.000000
0.000024
0.000707
0.213365
0.000001
0.093046
0.001789
0.000200
0.000001
0.056653
0.009509
0.065957
0.167553
0.018753
0.034332
0.001152
0.000085
0.004779
0.008246
0.005195
0.270787
0.063410
0.000001
0.054973
0.006414
0.209934
0.000046
0.000442
0.029431
0.013900
0.090355
0.046194
0.118514
0.022897
0.053059
0.130801
0.048580
0.002984
0.070312
0.010634
0.006580
0.000841
0.003092
0.261908
0.301706
0.203446
0.064806
0.000049
0.000000
0.004990
0.016225
0.026569
0.383479
0.064918
0.023026
0.000014
0.022076
0.009505
0.429713
0.000641
0.000053
0.007462
0.003148
0.000001
0.020592
0.000283
0.002726
0.007497
0.033082
0.004210
0.000313
0.444576
0.151069
0.385214
0.000019
0.000000
0.248971
0.000134
0.387728
0.000102
0.025718
0.033421
0.001364
0.000200
0.000138
0.000050
0.203084
0.037638
0.000004
0.312057
0.187143
0.048426
0.000008
0.004738
0.008962
0.078125
0.020997
0.000105
0.000230
0.003571
0.009594
0.000978
0.000103
0.000981
0.054112
0.018605
0.000035
0.025680
0.134691
0.002169
0.000122
0.025709
0.025116
0.054018
0.001605
