0.476300
0.287161
0.416143
0.068291
0.603225
0.183280
0.324806
0.214561
0.709866
0.102459
0.501374
0.767735
0.174310
0.300236
0.883811
0.610188
0.280045
0.755785
0.632087
0.106335
0.817130
0.781746
0.215319
0.078284
0.678204
0.011848
0.125028
0.989517
0.677258
0.470018
0.890558
0.425094
0.290012
0.389863
0.730925
0.735658
0.796059
0.524395
0.701074
0.640745
0.099692
0.766053
0.146225
0.458858
0.421114
0.115295
0.829531
0.082749
0.329049
0.776435
0.930574
0.941637
0.733697
0.788773
0.248758
0.686356
0.204173
0.272226
0.335792
0.207037
0.205753
0.455451
0.538058
0.792044
0.647033
0.616335
0.302689
0.709632
0.233549
0.084694
0.002059
0.001370
0.211426
0.586172
0.754877
0.734620
0.142680
0.694136
0.110303
0.476626
0.684940
0.196651
0.297717
0.000740
0.456408
0.030019
0.312224
0.883811
0.838230
0.042894
0.139472
0.696137
0.530641
0.642169
0.126116
0.203386
0.977295
0.522470
0.895541
0.636593
0.217223
0.499263
0.712088
0.467323
0.115707
0.701074
0.206731
0.283391
0.695549
0.625806
0.304167
0.317622
0.056160
0.454920
0.110988
0.741638
0.081915
0.905504
0.518178
0.460993
0.154261
0.640033
0.419690
0.747134
0.158049
0.077940
0.171559
0.023519
0.442376
0.135421
0.220749
0.108622
0.005218
0.567018
0.689423
0.164739
0.524508
0.252534
0.183447
0.870253
0.100154
0.618820
0.884074
0.926617
0.505051
0.019909
0.405110
0.601574
0.640626
0.040215
0.235647
0.134349
0.333505
0.457792
0.476300
0.986435
0.385697
0.322570
0.579614
0.642525
0.153064
0.857224
0.686120
0.416851
0.527458
0.609125
0.328875
0.359255
0.279968
0.953019
0.174576
0.976967
0.501486
0.350650
0.772988
