0.000089
0.307140
0.005932
0.006938
0.005382
0.073760
0.000119
0.008896
0.631376
0.150833
0.365846
0.167450
0.145446
0.179320
0.002514
0.031366
0.313315
0.378210
0.095396
0.206854
0.034369
0.017019
0.041908
0.295293
0.098806
0.909608
0.089244
0.227606
0.216841
0.089873
0.000930
0.794325
0.601457
0.811667
0.316774
0.219590
0.000653
0.825842
0.700957
0.177908
0.038586
0.065458
0.410905
0.010871
0.063806
0.019009
0.170511
0.351377
0.095111
0.777544
0.005677
0.341291
0.350015
0.266134
0.214687
0.052668
0.408601
0.315168
0.038006
0.277805
0.667432
0.005837
0.007862
0.546430
0.375925
0.018591
0.012586
0.101954
0.159477
0.704009
0.046540
0.021748
0.340845
0.067893
0.107526
0.762228
0.121224
0.000648
0.723043
0.023163
0.057010
0.269505
0.070288
0.033082
0.077597
0.132059
0.302689
0.319322
0.059799
0.009722
0.737731
0.042013
0.359440
0.037259
0.442900
0.103578
0.037381
0.191130
0.144625
0.669801
0.146916
0.146409
0.361011
0.132988
0.207405
0.037979
0.769974
0.093356
0.272985
0.477714
0.410504
0.385021
0.579380
0.434050
0.059363
0.211988
0.131178
0.285271
0.774658
0.425913
0.022299
0.177691
0.046706
0.360826
0.428993
0.041594
0.005293
0.682459
0.027567
0.491076
0.000015
0.778098
0.054188
0.513225
0.342898
0.131303
0.780532
0.000075
0.221589
0.602282
0.413922
0.413016
0.407402
0.853479
0.023589
0.027822
0.656643
0.021619
0.381175
0.108303
0.124907
0.072141
0.643474
0.041401
0.249255
0.050990
0.390544
0.482841
0.185400
0.307555
0.205449
0.106754
0.266656
0.618583
0.291525
0.198717
0.081971
0.066345
0.248122
0.004366
0.338357
0.020255
0.870161
0.479456
0.002881
