0.022100
0.005973
0.250962
0.059343
0.026073
0.422540
0.002983
0.706588
0.122875
0.385117
0.132861
0.046211
0.020585
0.038295
0.168897
0.106824
0.071993
0.128481
0.008452
0.086681
0.128358
0.009224
0.125591
0.006315
0.446467
0.176289
0.001707
0.361845
0.145675
0.236940
0.006042
0.233212
0.312979
0.294891
0.661149
0.361752
0.115370
0.125510
0.567832
0.339422
0.431466
0.157168
0.008663
0.000011
0.008125
0.071404
0.112115
0.670156
0.712439
0.102864
0.083928
0.239406
0.594863
0.234494
0.016386
0.074063
0.018662
0.523149
0.050186
0.002591
0.047323
0.303838
0.651067
0.014691
0.004487
0.005010
0.250748
0.172138
0.174203
0.345230
0.442795
0.033348
0.516149
0.093855
0.007157
0.010337
0.647152
0.002106
0.140935
0.812932
0.415638
0.275120
0.698019
0.784388
0.153925
0.054474
0.182228
0.115557
0.410404
0.134306
0.002421
0.187369
0.002264
0.110411
0.359163
0.162768
0.162567
0.035548
0.502599
0.009921
0.444367
0.020029
0.207221
0.544706
0.664824
0.016151
0.008429
0.091753
0.093636
0.598276
0.289774
0.006701
0.160717
0.003198
0.012835
0.178504
0.631613
0.670985
0.003703
0.686002
0.010091
0.058910
0.227144
0.253683
0.525529
0.002037
0.024491
0.001791
0.343256
0.037462
0.019931
0.002179
0.097088
0.109227
0.022391
0.483826
0.301134
0.322142
0.007302
0.648338
0.511204
0.069952
0.135808
0.138944
0.863192
0.002109
0.670630
0.002238
0.114958
0.608299
0.293846
0.356769
0.010466
0.748390
0.358333
0.000599
0.019385
0.069760
0.104810
0.781856
0.140801
0.989979
0.056475
0.000981
0.108161
0.826972
0.200025
0.045461
0.000421
0.558546
0.157022
0.164232
0.130593
0.058156
0.518629
