0.009882
0.000001
0.416750
0.012346
0.001157
0.093886
0.001204
0.037475
0.002842
0.017896
0.003619
0.023215
0.000000
0.015722
0.000322
0.002173
0.001100
0.008782
0.001117
0.004453
0.000100
0.001344
0.021546
0.107878
0.009806
0.121890
0.000371
0.004802
0.177745
0.015215
0.022736
0.179975
0.048770
0.073084
0.018591
0.000074
0.001068
0.065075
0.032950
0.021370
0.000006
0.131303
0.420401
0.024655
0.000034
0.012949
0.001594
0.000440
0.003701
0.216841
0.000655
0.000004
0.000068
0.179538
0.000003
0.000005
0.000043
0.002585
0.028790
0.051841
0.000110
0.002437
0.113806
0.027617
0.004408
0.000298
0.000145
0.000263
0.006773
0.000860
0.001813
0.039770
0.462384
0.000035
0.035202
0.000114
0.001429
0.014855
0.030652
0.050990
0.000403
0.340667
0.011100
0.003176
0.006121
0.016486
0.018046
0.009153
0.020415
0.003838
0.075515
0.028652
0.010609
0.018396
0.002323
0.000185
0.017057
0.003594
0.000693
0.017984
0.007331
0.000020
0.000000
0.001853
0.001308
0.221913
0.229795
0.000020
0.467861
0.000603
0.042543
0.000658
0.000059
0.007905
0.001122
0.091508
0.025303
0.059054
0.000835
0.024710
0.097798
0.004447
0.357596
0.011117
0.010281
0.006229
0.235172
0.087001
0.055554
0.082137
0.013852
0.017285
0.038089
0.003921
0.010045
0.021131
0.021123
0.005150
0.029216
0.000967
0.079892
0.018683
0.000639
0.031366
0.017370
0.159576
0.000000
0.000222
0.005909
0.000050
0.003628
0.107350
0.002308
0.244466
0.000337
0.117445
0.041833
0.351741
0.012929
0.000002
0.340489
0.052928
0.000382
0.000202
0.000024
0.000005
0.000198
0.014163
0.000015
0.000079
0.000504
0.000430
0.002134
0.001435
0.159230
