0.063828
0.813143
0.845187
0.527117
0.322227
0.353472
0.901152
0.024211
0.648101
0.945561
0.687772
0.452905
0.103000
0.598982
0.017971
0.484483
0.318897
0.841126
0.478476
0.506056
0.559589
0.679150
0.344332
0.628768
0.592747
0.515699
0.747020
0.772430
0.187992
0.270485
0.092860
0.487115
0.770868
0.058808
0.336145
0.891155
0.084467
0.478911
0.086506
0.615744
0.313820
0.009978
0.965928
0.785487
0.121929
0.639203
0.495715
0.201640
0.576925
0.067381
0.797680
0.701309
0.581603
0.001440
0.155225
0.833294
0.575524
0.427246
0.319578
0.298853
0.124466
0.720950
0.934219
0.065526
0.223342
0.228334
0.177421
0.528935
0.978646
0.163070
0.058624
0.118783
0.036951
0.810822
0.359070
0.827588
0.606292
0.883636
0.352834
0.354661
0.424480
0.324978
0.414326
0.116158
0.119090
0.728263
0.150786
0.609007
0.114884
0.011015
0.106964
0.019428
0.555192
0.862063
0.399067
0.463777
0.422030
0.491847
0.150928
0.068667
0.859509
0.498153
0.047022
0.247415
0.554152
0.219526
0.474888
0.667195
0.903903
0.916952
0.431569
0.009253
0.112335
0.984629
0.186917
0.587228
0.012318
0.420910
0.843013
0.298609
0.120990
0.848427
0.892259
0.201820
0.726409
0.701779
0.631850
0.199252
0.163675
0.878679
0.096127
0.296423
0.939747
0.123788
0.367435
0.309800
0.040331
0.848036
0.373460
0.836020
0.734735
0.407302
0.187539
0.480219
0.416750
0.155515
0.184617
0.516712
0.575757
0.248051
0.328788
0.040230
0.850572
0.792153
0.200383
0.504716
0.149424
0.726061
0.392786
0.522810
0.151117
0.223994
0.668024
0.170668
0.127579
0.123629
0.784278
0.050649
0.092459
0.176827
0.092029
0.986800
0.840927
0.359717
0.211115
