0.000215
0.017495
0.036645
0.000081
0.511990
0.025023
0.391420
0.000544
0.039371
0.075695
0.155129
0.006063
0.260878
0.331665
0.307803
0.051495
0.103680
0.238170
0.076290
0.172454
0.466032
0.086710
0.039927
0.000688
0.054112
0.000279
0.177962
0.750214
0.003015
0.480656
0.072760
0.319578
0.059945
0.086826
0.492509
0.204112
0.021871
0.004886
0.110952
0.876708
0.000603
0.335969
0.627346
0.401834
0.346129
0.726873
0.011798
0.028970
0.027384
0.389474
0.105432
0.039970
0.013296
0.760537
0.106614
0.502376
0.498708
0.236055
0.000097
0.589810
0.107561
0.595804
0.035138
0.029561
0.631494
0.150692
0.196181
0.306147
0.286215
0.002742
0.783839
0.303345
0.184617
0.158295
0.774769
0.013574
0.306312
0.000660
0.321029
0.561675
0.134948
0.007998
0.019634
0.362680
0.383479
0.300807
0.185008
0.030129
0.409602
0.877426
0.122796
0.357321
0.002374
0.250178
0.220491
0.568763
0.018114
0.096286
0.625569
0.721880
0.265835
0.001172
0.173512
0.782628
0.067520
0.001658
0.010321
0.086681
0.345769
0.595569
0.481748
0.056494
0.445416
0.091356
0.075515
0.248546
0.003198
0.811561
0.030574
0.007004
0.847448
0.482076
0.700017
0.377162
0.005745
0.064205
0.175967
0.457579
0.195536
0.149846
0.037139
0.093761
0.068998
0.091722
0.055554
0.310968
0.044802
0.108835
0.145264
0.299910
0.663521
0.366126
0.063740
0.023146
0.311219
0.036316
0.066965
0.542754
0.620240
0.157022
0.078683
0.467215
0.170354
0.036845
0.684585
0.219077
0.006516
0.031782
0.763242
0.000156
0.122480
0.562487
0.048908
0.175806
0.068432
0.000852
0.066048
0.000206
0.480547
0.535201
0.049099
0.048874
0.240784
0.313652
0.229795
