0.020778
0.040461
0.011169
0.000003
0.213491
0.000040
0.000657
0.000046
0.000552
0.000000
0.232539
0.000069
0.000158
0.017200
0.103373
0.001864
0.367248
0.000052
0.445521
0.016244
0.001501
0.001763
0.000838
0.049587
0.256717
0.048357
0.005101
0.057691
0.001004
0.076419
0.001807
0.000547
0.022076
0.219719
0.015106
0.209501
0.005869
0.770645
0.000798
0.002265
0.000058
0.000002
0.000000
0.000181
0.053904
0.000229
0.008827
0.000056
0.498264
0.297717
0.271771
0.000377
0.548846
0.000996
0.000721
0.000002
0.000198
0.034594
0.000716
0.002183
0.000022
0.111533
0.120951
0.002287
0.000044
0.000632
0.000016
0.000147
0.013024
0.000134
0.333505
0.095237
0.001744
0.030979
0.023739
0.010527
0.002298
0.119052
0.182394
0.001092
0.007667
0.000439
0.376496
0.008396
0.003658
0.000150
0.013527
0.037098
0.001194
0.003946
0.035613
0.018059
0.017423
0.001319
0.012088
0.001410
0.014315
0.067404
0.006816
0.017194
0.000176
0.693194
0.018487
0.000164
0.439765
0.183003
0.000186
0.000233
0.000174
0.001035
0.000008
0.000136
0.000044
0.011191
0.053885
0.362866
0.007447
0.043714
0.004005
0.072636
0.014044
0.000006
0.024609
0.000460
0.000196
0.001990
0.000478
0.000000
0.012688
0.000437
0.000000
0.071625
0.000010
0.010816
0.205023
0.000475
0.000036
0.087704
0.142860
0.102695
0.032402
0.111460
0.000002
0.065233
0.076264
0.019590
0.016555
0.001313
0.020104
0.078790
0.138505
0.000000
0.012356
0.107561
0.256282
0.012533
0.000007
0.007917
0.000022
0.014190
0.001241
0.003672
0.465925
0.002794
0.402924
0.084013
0.000002
0.000186
0.000048
0.657829
0.001687
0.001136
0.352925
0.001239
0.053171
