0.119669
0.119437
0.506168
0.051932
0.001136
0.000596
0.003666
0.219462
0.110699
0.001263
0.039089
0.025500
0.016922
0.003306
0.163019
0.006910
0.012581
0.001946
0.039202
0.003439
0.005759
0.059945
0.064249
0.054341
0.067636
0.001799
0.041460
0.112701
0.002337
0.000025
0.000860
0.013657
0.000066
0.385503
0.096031
0.008542
0.019969
0.001691
0.000282
0.012437
0.000004
0.104227
0.178504
0.184728
0.000028
0.045802
0.001756
0.001637
0.001947
0.039456
0.002974
0.003093
0.202481
0.000189
0.006552
0.001056
0.002228
0.029377
0.046524
0.000001
0.004599
0.011803
0.003066
0.000697
0.125712
0.063586
0.058910
0.011334
0.079541
0.000085
0.082026
0.000338
0.058767
0.170720
0.037394
0.190613
0.003810
0.001653
0.019407
0.000339
0.000032
0.007712
0.000548
0.007951
0.022812
0.001079
0.000339
0.002160
0.002438
0.001172
0.000000
0.304167
0.003948
0.066642
0.000093
0.023624
0.000002
0.000150
0.003287
0.030229
0.381750
0.000053
0.155951
0.000031
0.000508
0.051260
0.042315
0.001123
0.446782
0.053115
0.020354
0.225893
0.004359
0.000000
0.128112
0.001395
0.004138
0.044042
0.000115
0.000001
0.063850
0.153590
0.453541
0.002493
0.264497
0.000806
0.000021
0.000054
0.001827
0.001978
0.088116
0.045965
0.005999
0.003464
0.117674
0.000052
0.000298
0.395625
0.101518
0.147424
0.005670
0.010009
0.000233
0.003551
0.000001
0.006258
0.007803
0.089603
0.033714
0.000258
0.015274
0.024247
0.000188
0.017495
0.393568
0.035561
0.000064
0.055827
0.019641
0.000192
0.000004
0.047022
0.118553
0.225958
0.051350
0.015884
0.001358
0.256717
0.003394
0.123748
0.020786
0.001155
0.034195
0.000205
0.000008
