0.012654
0.126968
0.589927
0.001222
0.819218
0.015829
0.531666
0.318301
0.022018
0.010875
0.331140
0.320346
0.124747
0.074113
0.539431
0.000118
0.714191
0.095174
0.660675
0.337471
0.085467
0.068291
0.040447
0.026904
0.536114
0.010190
0.359624
0.616690
0.028779
0.413922
0.056514
0.018542
0.936852
0.642406
0.251104
0.652610
0.061805
0.205814
0.015999
0.037760
0.034783
0.034607
0.000024
0.107772
0.204962
0.075207
0.073409
0.085065
0.070844
0.110808
0.689777
0.000397
0.869885
0.529049
0.732889
0.003403
0.064049
0.015198
0.014574
0.043140
0.056911
0.015823
0.602753
0.366406
0.059260
0.110447
0.217351
0.298203
0.216778
0.062386
0.368185
0.165095
0.206548
0.404513
0.251890
0.557157
0.001732
0.396508
0.695902
0.070072
0.161415
0.026315
0.193323
0.012959
0.017462
0.042971
0.809022
0.185344
0.692605
0.661861
0.443528
0.053942
0.983344
0.515361
0.793566
0.055379
0.487554
0.379260
0.031161
0.049290
0.689659
0.071551
0.086419
0.197063
0.463670
0.551843
0.023934
0.046540
0.001103
0.120172
0.026393
0.032331
0.000357
0.152730
0.018237
0.313820
0.160121
0.000951
0.001137
0.004791
0.430640
0.002286
0.219847
0.165655
0.000088
0.064405
0.511092
0.000062
0.180139
0.425606
0.100618
0.673945
0.808491
0.503267
0.154117
0.036041
0.136457
0.290888
0.260732
0.520548
0.790192
0.027863
0.012485
0.383383
0.755671
0.074544
0.019752
0.144216
0.657948
0.237213
0.031286
0.000761
0.018619
0.835113
0.409101
0.153016
0.115257
0.023642
0.017957
0.022043
0.546545
0.390836
0.075182
0.088530
0.340756
0.003116
0.004674
0.129140
0.254619
0.320944
0.046722
0.284252
0.022846
0.194311
0.102055
