0.468185
0.243559
0.234494
0.393470
0.051080
0.396901
0.596392
0.587110
0.158885
0.272378
0.178993
0.672880
0.047122
0.379069
0.069402
0.005519
0.686474
0.161415
0.025444
0.429919
0.057751
0.059384
0.414527
0.111933
0.143220
0.134777
0.268303
0.670393
0.057953
0.087381
0.125108
0.044675
0.059633
0.323601
0.339599
0.075850
0.410103
0.022466
0.194369
0.308717
0.151542
0.030440
0.960728
0.565971
0.398968
0.098675
0.197534
0.496158
0.049099
0.066230
0.004210
0.487554
0.841325
0.069259
0.174469
0.187256
0.331927
0.355118
0.093170
0.004131
0.116460
0.609125
0.248263
0.306974
0.509635
0.991920
0.146824
0.001770
0.132946
0.012567
0.707174
0.168120
0.591336
0.496379
0.022991
0.473587
0.273213
0.035936
0.004996
0.188729
0.259266
0.059716
0.157266
0.110519
0.129927
0.194136
0.000548
0.267254
0.794434
0.310634
0.024546
0.482513
0.153255
0.114251
0.035291
0.203507
0.113695
0.034182
0.083590
0.017695
0.647152
0.066253
0.108835
0.094859
0.005977
0.019189
0.120873
0.483388
0.532007
0.352014
0.002591
0.289456
0.021619
0.000023
0.490084
0.432602
0.621779
0.339510
0.006762
0.000002
0.092830
0.043217
0.190270
0.000283
0.194777
0.316520
0.245797
0.001879
0.172296
0.008542
0.023651
0.251747
0.249752
0.609480
0.357045
0.012879
0.045834
0.003085
0.323859
0.747933
0.197475
0.265389
0.135249
0.037651
0.002777
0.547235
0.020179
0.754877
0.148631
0.001190
0.050275
0.223081
0.000104
0.508851
0.352560
0.017748
0.018867
0.953074
0.039599
0.000882
0.063213
0.212175
0.258682
0.287477
0.969028
0.033494
0.148677
0.894872
0.392103
0.016617
0.398377
0.045688
0.012111
0.525302
0.150833
