0.001115
0.051296
0.005387
0.000390
0.001614
0.025181
0.392493
0.001182
0.012954
0.202481
0.004649
0.062820
0.010700
0.004982
0.003213
0.022383
0.003557
0.019999
0.032026
0.016486
0.583711
0.034207
0.154309
0.095999
0.296988
0.000002
0.066094
0.008502
0.001971
0.035716
0.184896
0.074214
0.000286
0.068173
0.751923
0.050311
0.001055
0.057832
0.000371
0.005570
0.002712
0.000235
0.119322
0.000090
0.004093
0.033408
0.332628
0.053003
0.001072
0.000010
0.001154
0.022940
0.041923
0.003727
0.101451
0.099989
0.294408
0.005537
0.014028
0.107667
0.007945
0.000890
0.000183
0.008182
0.003198
0.000289
0.000003
0.000070
0.016005
0.450789
0.032544
0.002752
0.001193
0.125510
0.000000
0.096254
0.075592
0.004505
0.003660
0.210058
0.037045
0.081446
0.000466
0.000223
0.012437
0.023371
0.000025
0.024301
0.183280
0.006416
0.029280
0.000335
0.000290
0.005965
0.000006
0.002296
0.018859
0.071307
0.003296
0.011748
0.000069
0.000002
0.000038
0.000419
0.331140
0.001066
0.008545
0.080816
0.356953
0.123034
0.000394
0.027033
0.004330
0.001567
0.273061
0.000314
0.000014
0.067823
0.063191
0.050311
0.040013
0.226156
0.001410
0.000014
0.196416
0.000001
0.019502
0.000405
0.000989
0.027914
0.012518
0.001216
0.001567
0.000127
0.142186
0.043745
0.009275
0.297960
0.000100
0.000053
0.003754
0.124707
0.000165
0.053021
0.000281
0.000425
0.000286
0.000985
0.000805
0.005410
0.000068
0.017305
0.008350
0.012830
0.001027
0.000096
0.028328
0.036845
0.225761
0.001133
0.004781
0.039089
0.000653
0.000032
0.002820
0.000001
0.185120
0.020833
0.008074
0.048186
0.000876
0.001078
0.078258
0.012572
0.016548
