0.000365
0.570393
0.016330
0.000927
0.006862
0.105778
0.019509
0.035690
0.017535
0.150221
0.027863
0.050382
0.056396
0.184393
0.000000
0.018162
0.000708
0.000013
0.000007
0.004031
0.133922
0.001348
0.005148
0.097023
0.021084
0.006878
0.026160
0.000430
0.004183
0.009479
0.025042
0.000086
0.180687
0.038683
0.000000
0.040797
0.010531
0.000881
0.097023
0.000247
0.002911
0.001379
0.019261
0.001615
0.000058
0.098025
0.004283
0.920216
0.401834
0.000587
0.000104
0.001142
0.001201
0.000483
0.003596
0.063344
0.000016
0.000912
0.043434
0.010754
0.000093
0.017695
0.000005
0.002297
0.195595
0.000296
0.000258
0.015285
0.353381
0.004572
0.020958
0.004424
0.000311
0.037910
0.000054
0.119283
0.000945
0.003666
0.004563
0.019239
0.000753
0.000781
0.004387
0.004970
0.008208
0.000381
0.005127
0.004121
0.205388
0.000025
0.000557
0.000063
0.000642
0.000182
0.015775
0.008224
0.079487
0.142320
0.000001
0.000920
0.000752
0.021354
0.000167
0.009468
0.026510
0.042802
0.000129
0.006278
0.000372
0.054896
0.011862
0.000048
0.050721
0.000065
0.000276
0.050846
0.000015
0.000017
0.044738
0.280898
0.002833
0.123549
0.000211
0.014832
0.000004
0.010474
0.003368
0.014017
0.000129
0.012055
0.000007
0.011139
0.174363
0.031886
0.639322
0.514349
0.030019
0.000850
0.026618
0.000219
0.053189
0.091508
0.000787
0.000625
0.167192
0.000810
0.252391
0.048272
0.006008
0.000070
0.267553
0.000202
0.001248
0.000147
0.046047
0.008649
0.007785
0.644067
0.000154
0.001879
0.175217
0.001422
0.047999
0.010099
0.000047
0.251533
0.000828
0.016801
0.000053
0.167089
0.005218
0.577159
0.050972
0.001050
0.008128
