0.016617
0.067613
0.000076
0.053208
0.000762
0.308717
0.000336
0.186242
0.000000
0.001301
0.000506
0.217351
0.014436
0.018210
0.001628
0.002794
0.013109
0.000476
0.073459
0.001135
0.002273
0.002197
0.093077
0.000657
0.000002
0.004010
0.002339
0.001348
0.009840
0.001576
0.000010
0.001762
0.000187
0.111569
0.053546
0.000010
0.000999
0.136847
0.000000
0.414931
0.197889
0.052115
0.000618
0.013450
0.009275
0.000049
0.009417
0.007409
0.003591
0.317962
0.624621
0.000073
0.310467
0.000788
0.192975
0.000575
0.000278
0.007859
0.015025
0.003216
0.001093
0.109334
0.009688
0.001654
0.074468
0.000861
0.028234
0.000547
0.000001
0.000343
0.000054
0.126278
0.036805
0.003978
0.000078
0.084751
0.697431
0.002551
0.000106
0.000622
0.006781
0.000012
0.008653
0.000934
0.019066
0.058869
0.000022
0.273594
0.005235
0.294569
0.009673
0.003122
0.000317
0.349652
0.001989
0.000507
0.000257
0.013114
0.033775
0.014403
0.005281
0.073484
0.224255
0.000712
0.841822
0.000004
0.000746
0.007368
0.017109
0.073034
0.001577
0.001489
0.002278
0.307555
0.075618
0.000287
0.143763
0.001688
0.000603
0.089873
0.000000
0.009598
0.063300
0.086101
0.000426
0.009982
0.008612
0.008090
0.057490
0.010289
0.000096
0.034998
0.000228
0.535087
0.027965
0.026559
0.000003
0.171822
0.088234
0.002786
0.010190
0.163473
0.000852
0.000033
0.071698
0.017057
0.004732
0.000000
0.005828
0.000502
0.033010
0.023034
0.061186
0.000000
0.059054
0.069022
0.040987
0.036184
0.000988
0.004889
0.009505
0.027395
0.000130
0.000432
0.086739
0.014951
0.000005
0.014580
0.000168
0.020646
0.504382
0.033800
0.057913
0.000407
0.000000
