0.255558
0.291127
0.339510
0.827280
0.454708
0.029301
0.691663
0.941199
0.164536
0.724088
0.018626
0.013652
0.351195
0.196533
0.022736
0.249042
0.488104
0.404612
0.529845
0.912858
0.378687
0.447519
0.024646
0.692370
0.734966
0.050918
0.262867
0.089873
0.077124
0.987361
0.343256
0.865625
0.481748
0.261540
0.098415
0.315337
0.767735
0.933351
0.922910
0.762003
0.742555
0.709515
0.319408
0.142186
0.246359
0.248546
0.266507
0.507397
0.482294
0.647033
0.901233
0.226814
0.523829
0.071968
0.739686
0.234697
0.187087
0.703657
0.018348
0.351741
0.065934
0.657829
0.236804
0.295213
0.509747
0.951621
0.568763
0.533489
0.332978
0.148864
0.239612
0.000160
0.167141
0.181017
0.599925
0.821608
0.877785
0.253827
0.544017
0.530072
0.952183
0.320773
0.330355
0.039899
0.454708
0.909686
0.428787
0.516712
0.909139
0.321371
0.489424
0.127989
0.454389
0.015716
0.284095
0.377543
0.400054
0.445311
0.360178
0.192917
0.068244
0.525529
0.729652
0.199014
0.852222
0.721880
0.629835
0.586641
0.556348
0.681514
0.571092
0.288109
0.347933
0.593569
0.633154
0.486456
0.742326
0.309966
0.433222
0.125309
0.066803
0.857319
0.693548
0.958797
0.123153
0.002349
0.430640
0.163625
0.690956
0.300236
0.215319
0.827690
0.166115
0.711737
0.027103
0.837528
0.302197
0.568530
0.179975
0.659371
0.078019
0.356953
0.640152
0.849891
0.629835
0.513450
0.174203
0.864971
0.889189
0.015987
0.134221
0.733235
0.048632
0.111897
0.563184
0.562951
0.557968
0.656999
0.838030
0.073836
0.524735
0.811983
0.973968
0.748390
0.147285
0.459391
0.714424
0.624977
0.595922
0.156437
0.704595
0.006263
0.392493
0.341648
0.117293
