0.013689
0.032603
0.019146
0.000941
0.003964
0.010584
0.008851
0.000123
0.055515
0.034344
0.174363
0.011269
0.026894
0.034108
0.076602
0.000152
0.006979
0.000194
0.048908
0.000460
0.000415
0.001314
0.000373
0.001240
0.197063
0.000309
0.000028
0.000032
0.000511
0.004978
0.000000
0.002235
0.042330
0.000000
0.000004
0.067520
0.125712
0.205814
0.057953
0.279426
0.007706
0.000916
0.006979
0.000560
0.000139
0.090506
0.009061
0.023528
0.000089
0.001307
0.025444
0.000005
0.000236
0.004273
0.116914
0.037869
0.000521
0.046557
0.478149
0.612670
0.000052
0.143672
0.133667
0.014535
0.045364
0.422846
0.020794
0.003077
0.005561
0.000932
0.005222
0.015008
0.000718
0.000606
0.004563
0.001040
0.156437
0.006358
0.000345
0.138329
0.013579
0.002819
0.015472
0.026687
0.155080
0.003228
0.000939
0.003864
0.003145
0.116914
0.002220
0.000168
0.001544
0.000058
0.003177
0.124947
0.002233
0.063322
0.000068
0.000018
0.380887
0.000046
0.000008
0.000092
0.025605
0.000073
0.000000
0.000060
0.045704
0.000429
0.000000
0.002991
0.011015
0.412211
0.026756
0.000035
0.234359
0.023301
0.149799
0.037005
0.082749
0.003838
0.026305
0.053320
0.004210
0.006935
0.000144
0.041803
0.002108
0.048632
0.020577
0.001501
0.012370
0.271241
0.000074
0.063652
0.609598
0.000083
0.000229
0.037112
0.022651
0.000512
0.112262
0.054207
0.041908
0.065617
0.748618
0.019715
0.000404
0.000024
0.019290
0.007930
0.006054
0.000002
0.000227
0.000421
0.000377
0.055846
0.017324
0.001363
0.035690
0.004550
0.001034
0.135981
0.014866
0.001960
0.000290
0.000012
0.021442
0.000945
0.115820
0.061634
0.001303
0.000146
0.349471
