0.000172
0.001297
0.056003
0.008572
0.000000
0.000199
0.000605
0.002387
0.063432
0.103000
0.036316
0.000000
0.033591
0.020515
0.000030
0.002348
0.001494
0.374028
0.025967
0.049833
0.223602
0.003976
0.254547
0.007939
0.003891
0.000033
0.001790
0.078817
0.819530
0.000302
0.019546
0.752264
0.699077
0.039061
0.053508
0.079838
0.005374
0.013129
0.002347
0.000679
0.000020
0.034494
0.002844
0.002393
0.000058
0.069473
0.044516
0.028652
0.002225
0.000623
0.000032
0.010758
0.073484
0.024328
0.052042
0.002535
0.000963
0.290967
0.000218
0.000597
0.001153
0.011510
0.001984
0.053696
0.000554
0.004455
0.000305
0.000023
0.000099
0.001645
0.003651
0.002152
0.026025
0.725365
0.057370
0.054417
0.008792
0.000064
0.047643
0.014951
0.014557
0.189755
0.000002
0.002926
0.048684
0.047089
0.516037
0.105466
0.000123
0.000094
0.194660
0.002688
0.002821
0.000535
0.272302
0.018265
0.014647
0.018203
0.000486
0.010241
0.000475
0.002855
0.037206
0.002259
0.021155
0.000165
0.011312
0.016467
0.023198
0.045949
0.671814
0.006810
0.005374
0.077334
0.000143
0.038823
0.120367
0.000166
0.117407
0.000445
0.048340
0.001652
0.000119
0.004453
0.042254
0.010930
0.000372
0.065798
0.000501
0.001541
0.000000
0.027435
0.000858
0.000096
0.174896
0.049657
0.001214
0.000030
0.003311
0.733351
0.000612
0.002898
0.009362
0.100585
0.006153
0.000658
0.004585
0.144125
0.129678
0.000519
0.037828
0.000112
0.000536
0.006241
0.008337
0.010609
0.007595
0.096063
0.140979
0.001599
0.049342
0.022341
0.715941
0.288188
0.000279
0.002448
0.000138
0.000000
0.016801
0.017829
0.024382
0.126318
0.410905
0.080027
0.004357
