0.018508
0.000126
0.015502
0.000328
0.098741
0.032806
0.000012
0.000107
0.027904
0.000006
0.088768
0.000002
0.002969
0.000271
0.048272
0.000194
0.000709
0.177962
0.000000
0.245096
0.224582
0.047542
0.735197
0.013985
0.374596
0.000565
0.012009
0.000031
0.023686
0.020997
0.005659
0.041938
0.000140
0.001529
0.006930
0.000393
0.107244
0.000202
0.000856
0.000015
0.010289
0.023943
0.000747
0.001565
0.000163
0.001804
0.000233
0.000283
0.004646
0.000879
0.080816
0.050186
0.520435
0.139561
0.000004
0.019879
0.000089
0.283939
0.615625
0.000084
0.000019
0.000003
0.000796
0.003874
0.000675
0.037897
0.000057
0.033591
0.000173
0.000000
0.238033
0.002155
0.051188
0.000406
0.032651
0.097960
0.055340
0.000202
0.005131
0.001958
0.002037
0.000616
0.000647
0.007706
0.027133
0.153398
0.123510
0.026974
0.000451
0.003504
0.000175
0.087089
0.039202
0.073987
0.010597
0.000000
0.004302
0.002857
0.009871
0.000841
0.006821
0.000667
0.000599
0.124787
0.000001
0.000080
0.000872
0.053546
0.085639
0.013694
0.025967
0.000005
0.000888
0.000000
0.007194
0.000445
0.109692
0.000207
0.000591
0.000161
0.045688
0.000229
0.000301
0.009271
0.001716
0.015555
0.000664
0.001613
0.000012
0.046805
0.000100
0.039145
0.007468
0.000314
0.277574
0.002089
0.000213
0.012874
0.000288
0.066390
0.073233
0.009300
0.012451
0.004572
0.006979
0.000797
0.001488
0.181017
0.070288
0.026247
0.091478
0.001913
0.001319
0.001066
0.000243
0.005610
0.022949
0.000917
0.046706
0.000579
0.132101
0.000763
0.027173
0.000703
0.000099
0.000870
0.000024
0.000052
0.033530
0.189470
0.019538
0.001358
0.000098
0.005070
0.054685
