0.000156
0.000676
0.008033
0.000039
0.000938
0.043870
0.003119
0.016170
0.005170
0.001077
0.060216
0.000208
0.000176
0.114288
0.000816
0.026471
0.000395
0.000015
0.035742
0.000012
0.000005
0.000354
0.002680
0.000033
0.014370
0.001794
0.049290
0.014119
0.001204
0.000155
0.000304
0.000008
0.006897
0.000135
0.616453
0.004173
0.313736
0.050954
0.549192
0.058176
0.169208
0.101652
0.182339
0.001237
0.031013
0.012840
0.076186
0.000000
0.017090
0.034245
0.014686
0.028038
0.620950
0.001533
0.000077
0.002239
0.012271
0.016411
0.000200
0.000349
0.026894
0.016542
0.000099
0.000049
0.000031
0.003801
0.049430
0.042741
0.046507
0.154357
0.340934
0.000006
0.019153
0.005222
0.111751
0.002200
0.001619
0.000052
0.000567
0.024184
0.000004
0.123232
0.000031
0.000003
0.017695
0.000631
0.000440
0.000099
0.005179
0.334911
0.052928
0.000183
0.579731
0.000004
0.117445
0.000225
0.001284
0.012707
0.001852
0.037951
0.000044
0.038336
0.091692
0.005239
0.198362
0.027374
0.000024
0.009092
0.048289
0.009828
0.001679
0.000035
0.001760
0.000091
0.013414
0.000022
0.042986
0.117597
0.009871
0.006097
0.000943
0.067566
0.129182
0.028526
0.142275
0.001340
0.000008
0.001750
0.110591
0.005574
0.019218
0.000012
0.382518
0.000256
0.001865
0.000236
0.000029
0.043078
0.005610
0.000000
0.013543
0.628294
0.000175
0.100121
0.003709
0.000196
0.039813
0.556926
0.007256
0.054169
0.014580
0.000056
0.000744
0.002137
0.011475
0.002445
0.050382
0.015094
0.076342
0.016330
0.162215
0.047778
0.002140
0.471098
0.142231
0.001449
0.031332
0.000000
0.000005
0.000336
0.000177
0.002069
0.041312
0.107808
0.001340
