0.019363
0.000004
0.003667
0.001782
0.006343
0.233954
0.020515
0.003598
0.086014
0.070336
0.010642
0.015974
0.006209
0.000348
0.075079
0.001591
0.018690
0.109334
0.021402
0.002503
0.301134
0.001096
0.007745
0.000098
0.016922
0.003973
0.817653
0.647745
0.000076
0.019407
0.019812
0.384828
0.004052
0.007101
0.040899
0.001965
0.000030
0.000324
0.000000
0.000001
0.000015
0.012673
0.000014
0.007733
0.299259
0.000014
0.007001
0.010642
0.077255
0.001231
0.000002
0.202542
0.008308
0.000028
0.000063
0.002266
0.003837
0.448783
0.230662
0.010989
0.038739
0.003223
0.000429
0.000033
0.001917
0.000022
0.005348
0.116422
0.002829
0.004736
0.001023
0.018938
0.039741
0.092644
0.110159
0.148305
0.008201
0.000073
0.085409
0.424480
0.016852
0.056692
0.000001
0.041953
0.073911
0.000009
0.000182
0.004319
0.029496
0.001208
0.137020
0.080461
0.007339
0.042043
0.015561
0.000189
0.000120
0.078603
0.096927
0.070000
0.000017
0.108657
0.002023
0.102560
0.164434
0.000123
0.000137
0.026500
0.000017
0.009798
0.000041
0.250962
0.012781
0.003568
0.002905
0.400647
0.000068
0.007435
0.000262
0.000165
0.059405
0.857033
0.002085
0.000082
0.000000
0.000002
0.000227
0.001985
0.005162
0.003986
0.001274
0.000051
0.000872
0.007721
0.153255
0.062170
0.007995
0.060426
0.437994
0.004711
0.000570
0.002670
0.000736
0.001236
0.000156
0.246078
0.002333
0.001160
0.059157
0.004193
0.000126
0.119785
0.002810
0.010716
0.015117
0.014574
0.000289
0.001858
0.212113
0.112848
0.000533
0.001127
0.110519
0.257953
0.009110
0.001032
0.002003
0.000612
0.018746
0.000892
0.043792
0.002947
0.069164
0.000379
0.000020
