0.104604
0.246078
0.034282
0.526096
0.033239
0.200562
0.029887
0.142006
0.848231
0.118208
0.098610
0.280976
0.000042
0.064405
0.002309
0.347842
0.230062
0.470774
0.018577
0.044866
0.365472
0.008176
0.592276
0.195946
0.524962
0.141738
0.992998
0.040505
0.063147
0.008599
0.048135
0.135593
0.269731
0.541493
0.720368
0.659134
0.751809
0.378210
0.493393
0.116611
0.111460
0.027996
0.012404
0.050542
0.049029
0.094733
0.545166
0.814300
0.020585
0.020210
0.009333
0.296827
0.004223
0.908040
0.611370
0.007308
0.003648
0.363423
0.985495
0.184952
0.618346
0.019348
0.165400
0.028631
0.002248
0.011109
0.023872
0.224647
0.675483
0.000024
0.060153
0.356861
0.826459
0.435916
0.061250
0.171087
0.108303
0.772096
0.035075
0.650593
0.052743
0.093792
0.064427
0.096286
0.661149
0.020301
0.008250
0.132017
0.050578
0.002189
0.476191
0.054512
0.021282
0.006124
0.219526
0.731618
0.033738
0.115670
0.813143
0.287477
0.828100
0.040360
0.003403
0.899435
0.308717
0.671104
0.025557
0.000572
0.031229
0.002842
0.005086
0.202722
0.368936
0.277420
0.295696
0.019370
0.048995
0.002185
0.613852
0.711387
0.798543
0.070144
0.017978
0.101551
0.038586
0.279890
0.010499
0.024959
0.050560
0.350650
0.223081
0.541837
0.237555
0.196533
0.048908
0.117255
0.503490
0.014233
0.001833
0.178124
0.124387
0.032485
0.040287
0.534630
0.341380
0.567832
0.239681
0.115183
0.049342
0.024996
0.095269
0.406504
0.457579
0.894788
0.000947
0.231465
0.176289
0.591454
0.000267
0.335175
0.022575
0.107949
0.079757
0.094450
0.000841
0.613024
0.087381
0.717457
0.002293
0.079811
0.029506
0.098741
0.420706
0.290171
0.636475
