0.218756
0.005080
0.252534
0.080271
0.150362
0.021394
0.108657
0.380504
0.339866
0.464528
0.023554
0.003752
0.003135
0.065707
0.037665
0.295213
0.256427
0.000209
0.230863
0.070505
0.031149
0.181236
0.095681
0.399659
0.173353
0.059178
0.455770
0.881611
0.481748
0.050045
0.308302
0.433532
0.291047
0.194427
0.069712
0.217478
0.032213
0.365379
0.035989
0.642881
0.234901
0.090476
0.473479
0.254547
0.010964
0.534059
0.435812
0.001687
0.536800
0.278885
0.117103
0.062084
0.332628
0.001193
0.187652
0.259193
0.501708
0.079460
0.756125
0.566436
0.108055
0.262794
0.273594
0.942941
0.200383
0.225958
0.781305
0.248404
0.112115
0.332540
0.109800
0.147563
0.032532
0.118936
0.166371
0.349380
0.024765
0.234021
0.424174
0.024409
0.002561
0.651067
0.012979
0.344332
0.414326
0.127131
0.112445
0.418168
0.458325
0.127661
0.307886
0.096127
0.098187
0.859984
0.202481
0.563068
0.171612
0.147470
0.182726
0.040520
0.395723
0.300236
0.488653
0.145904
0.212425
0.384635
0.456302
0.962995
0.216079
0.634933
0.000369
0.009253
0.242516
0.002356
0.081557
0.396115
0.151542
0.087059
0.319748
0.016580
0.020074
0.049395
0.152682
0.347842
0.006107
0.651542
0.376496
0.100319
0.124667
0.588870
0.166935
0.128563
0.415436
0.070000
0.115670
0.284017
0.849988
0.187765
0.141604
0.783949
0.777877
0.052281
0.129099
0.776213
0.003528
0.000539
0.352105
0.242446
0.204112
0.111351
0.581369
0.111496
0.101618
0.033227
0.893443
0.589810
0.036592
0.183558
0.087293
0.662691
0.729999
0.170877
0.023060
0.214877
0.206670
0.143446
0.098480
0.753173
0.272529
0.184952
0.232808
0.324289
0.211426
0.136760
0.116536
