0.008341
0.045802
0.039357
0.838631
0.180852
0.336852
0.592747
0.205753
0.248334
0.793783
0.508963
0.187878
0.051932
0.145996
0.512776
0.038378
0.162567
0.763467
0.017103
0.062820
0.781525
0.001039
0.397196
0.171192
0.013507
0.815350
0.546775
0.771873
0.000482
0.131681
0.007202
0.132185
0.498264
0.091753
0.082665
0.138373
0.848036
0.013794
0.019450
0.097055
0.620122
0.084951
0.095427
0.263163
0.781305
0.042771
0.053658
0.029735
0.011618
0.278499
0.141648
0.053677
0.000371
0.143537
0.691427
0.249752
0.143763
0.038020
0.076082
0.018389
0.202181
0.022795
0.678559
0.411307
0.768296
0.118553
0.004636
0.178070
0.161365
0.972568
0.183003
0.835214
0.030551
0.395625
0.035936
0.001998
0.786364
0.011234
0.131010
0.492068
0.000250
0.202421
0.200981
0.267254
0.234901
0.140357
0.111569
0.369217
0.004128
0.157510
0.001655
0.896957
0.339866
0.729768
0.774101
0.002316
0.168741
0.539660
0.167759
0.058460
0.098643
0.000159
0.005686
0.118361
0.084780
0.033701
0.002796
0.261172
0.002855
0.224712
0.535772
0.044357
0.073308
0.595098
0.329658
0.047273
0.311303
0.000561
0.058014
0.411809
0.071282
0.102425
0.438515
0.236055
0.177799
0.045090
0.611252
0.004067
0.073334
0.371853
0.403321
0.018739
0.115257
0.210928
0.779427
0.532007
0.059508
0.408401
0.172613
0.146962
0.295293
0.014624
0.274890
0.146225
0.009271
0.064583
0.712205
0.139561
0.052042
0.191475
0.125792
0.636475
0.039770
0.166320
0.371476
0.026324
0.178721
0.026160
0.216905
0.009825
0.151732
0.017621
0.883986
0.380312
0.001535
0.060405
0.061038
0.020833
0.709281
0.218884
0.709983
0.162868
0.588753
0.213742
0.889875
