0.698420
0.205455
0.473822
0.164847
0.020069
0.280406
0.247202
0.505285
0.139212
0.640442
0.129811
0.030456
0.173530
0.059644
0.569515
0.273929
0.794296
0.035134
0.457675
0.659359
0.002717
0.135734
0.141074
0.691351
0.053670
0.813285
0.377080
0.003143
0.263889
0.086420
0.650490
0.932227
0.495216
0.132339
0.113818
0.285614
0.654952
0.143495
0.065279
0.155805
0.469460
0.318084
0.129466
0.391393
0.150225
0.214105
0.582825
0.821243
0.259240
0.081483
0.503354
0.944725
0.180758
0.397000
0.944198
0.098881
0.856532
0.864954
0.797020
0.592398
0.024150
0.481741
0.277356
0.170113
0.159656
0.467081
0.891732
0.218277
0.062565
0.150082
0.560815
0.538779
0.169997
0.085428
0.092001
0.212440
0.599154
0.284915
0.847303
0.014945
0.933481
0.280687
0.219320
0.550704
0.030355
0.775645
0.072068
0.669420
0.882046
0.283595
0.230040
0.829282
0.241175
0.598840
0.844726
0.626556
0.234476
0.692657
0.511677
0.402368
0.053106
0.257906
0.407577
0.057651
0.290252
0.496599
0.647891
0.178642
0.100301
0.455000
0.023158
0.656619
0.088289
0.377211
0.080823
0.188981
0.477522
0.014545
0.558285
0.612350
0.873760
0.480221
0.164149
0.501784
0.561600
0.511490
0.029733
0.015956
0.320942
0.231284
0.248311
0.578501
0.298671
0.592235
0.816086
0.487031
0.156415
0.600481
0.884998
0.646292
0.065275
0.512071
0.844199
0.140285
0.013281
0.404762
0.974842
0.546389
0.582809
0.531635
0.074167
0.697718
0.453667
0.169833
0.345814
0.010807
0.403460
0.940715
0.618721
0.194949
0.564515
0.800395
0.177028
0.111147
0.235236
0.134569
0.706734
0.665943
0.169616
0.694416
0.412978
0.742736
0.400635
0.134258
0.908699
