0.317188
0.563178
0.424658
0.026368
0.132333
0.474129
0.118754
0.414088
0.840006
0.720427
0.414088
0.474129
0.992678
0.368488
0.205379
0.970719
0.970719
0.059943
0.706737
0.491297
0.330691
0.491297
0.287107
0.053968
0.550854
0.919596
0.934178
0.398530
0.508794
0.818546
0.720427
0.992678
0.693142
0.550854
0.096719
0.854380
0.378341
0.127679
0.091315
0.594557
0.594557
0.748072
0.693142
0.727306
0.388356
0.550854
0.479815
0.755036
0.734207
0.594557
0.304052
0.948782
0.171526
0.108294
0.672934
0.118754
1.000000
0.012559
0.861586
0.326149
0.526611
0.970719
0.532620
0.607328
0.147084
0.485538
0.876031
0.652959
0.062483
0.639779
0.620220
0.177348
0.192547
0.440804
0.926884
0.266839
0.508794
0.693142
0.424658
0.956091
0.089569
0.776046
0.149661
0.538664
0.544742
0.659591
0.948782
0.344560
0.474129
0.532620
0.811422
0.588217
0.388356
0.861586
0.462869
0.897775
0.168669
0.308390
0.790145
0.354010
0.556999
0.440804
0.919596
0.883269
0.588217
0.354010
0.594557
0.036414
0.378341
0.890517
0.424658
0.748072
0.620220
0.491297
0.474129
0.818546
0.195698
0.171526
0.393423
0.790145
0.706737
0.790145
0.776046
0.776046
0.435383
0.344560
0.963403
0.825685
0.171526
0.818546
0.890517
0.797221
0.251349
0.526611
0.474129
0.811422
0.748072
0.050628
0.727306
0.741129
0.089569
0.446263
0.679644
0.125400
0.948782
0.741129
0.825685
0.291282
0.457296
0.053968
0.544742
0.514698
0.058706
0.317188
0.797221
0.414088
0.556999
0.672934
0.594557
0.044465
0.532620
0.514698
0.393423
0.430001
0.076546
0.485538
0.137117
0.620220
0.948782
0.497093
0.462869
0.840006
0.123153
0.027638
0.446263
