0.918905
0.802126
0.521634
0.843053
0.868647
0.814988
0.820529
0.642516
0.119268
0.451729
0.637763
0.086100
0.646707
0.374995
0.381519
0.143477
0.507630
0.157188
0.134218
0.136995
0.173118
0.482940
0.713716
0.425290
0.489289
0.255463
0.470113
0.705248
0.806105
0.305611
0.105213
0.796763
0.718889
0.714273
0.084924
0.368780
0.235629
0.027239
0.886797
0.408645
0.042870
0.255869
0.709683
0.754598
0.407802
0.219015
0.635856
0.462059
0.927141
0.645762
0.662432
0.225556
0.159621
0.813427
0.469034
0.424016
0.333060
0.039253
0.277292
0.424511
0.630527
0.946569
0.672787
0.945768
0.459689
0.953422
0.873561
0.598278
0.623245
0.047491
0.298942
0.803995
0.988088
0.382001
0.293581
0.468818
0.447077
0.121898
0.820004
0.029296
0.872497
0.310370
0.537702
0.293830
0.633741
0.416807
0.120776
0.795990
0.171970
0.669898
0.814890
0.463999
0.792150
0.113163
0.732461
0.835579
0.973193
0.484887
0.172796
0.357062
0.606254
0.312665
0.937224
0.356053
0.601991
0.420196
0.244814
0.397175
0.757566
0.451228
0.119733
0.658642
0.885106
0.063015
0.018977
0.172566
0.751381
0.250223
0.527259
0.068203
0.010067
0.027329
0.092404
0.425149
0.330113
0.927141
0.947440
0.402689
0.748490
0.375817
0.239302
0.380968
0.738354
0.465653
0.145355
0.146342
0.034231
0.792567
0.219068
0.113749
0.068581
0.566721
0.136130
0.370757
0.343155
0.139093
0.349682
0.696985
0.316957
0.656508
0.900817
0.743477
0.400243
0.310752
0.108751
0.733239
0.097246
0.849876
0.067991
0.847050
0.811170
0.469178
0.725958
0.530214
0.559224
0.125196
0.661968
0.990464
0.423945
0.828205
0.612242
0.045851
0.289683
0.963384
0.925222
