0.029059
0.002234
0.072261
0.000723
0.106042
0.007608
0.029231
0.880298
0.003964
0.000265
0.034643
0.000014
0.678192
0.073779
0.001160
0.892936
0.333363
0.083414
0.000007
0.480353
0.380929
0.000162
0.000054
0.003000
0.000119
0.031182
0.013709
0.127983
0.005660
0.009480
0.001739
0.256495
0.066599
0.303487
0.001746
0.237884
0.207969
0.000214
0.000444
0.079204
0.396662
0.146708
0.187636
0.011298
0.106097
0.240791
0.547630
0.002952
0.115768
0.396257
0.121492
0.006121
0.512831
0.000807
0.000217
0.015825
0.059972
0.562826
0.098680
0.377956
0.000040
0.003576
0.013012
0.016232
0.128775
0.095542
0.189459
0.112301
0.092073
0.410099
0.071545
0.013876
0.006706
0.001415
0.366826
0.140696
0.175921
0.001754
0.033265
0.003031
0.102188
0.000167
0.030743
0.669359
0.317581
0.000279
0.059245
0.003573
0.351940
0.452238
0.001771
0.118217
0.004121
0.144175
0.010980
0.642013
0.287874
0.995838
0.007748
0.048378
0.000231
0.002904
0.127805
0.247786
0.003584
0.229700
0.066744
0.380609
0.185275
0.001476
0.051028
0.070819
0.041361
0.190367
0.153938
0.382992
0.750558
0.155130
0.016856
0.004314
0.093989
0.025166
0.166530
0.302572
0.513836
0.156341
0.525957
0.032582
0.000619
0.162053
0.062750
0.000389
0.141606
0.744533
0.082495
0.011462
0.283761
0.024027
0.000180
0.050236
0.703003
0.260991
0.212356
0.739297
0.001995
0.059062
0.328462
0.003897
0.003250
0.470011
0.030828
0.276578
0.025151
0.002270
0.000689
0.823413
0.013933
0.084651
0.011360
0.400239
0.388833
0.023159
0.036239
0.578022
0.010808
0.237780
0.097888
0.000543
0.015445
0.576588
0.022325
0.379221
0.000527
0.005613
0.074900
