0.000018
0.000000
0.000000
0.000000
0.000425
0.000000
0.000000
0.000053
0.000000
0.009346
0.000197
0.008711
0.000074
0.000282
0.000006
0.000483
0.000065
0.063805
0.000407
0.000024
0.000062
0.001767
0.000172
0.000000
0.000490
0.046960
0.000034
0.000041
0.000001
0.000000
0.038215
0.000021
0.000066
0.018942
0.001769
0.000281
0.000007
0.000006
0.000007
0.000413
0.000000
0.000000
0.000002
0.000097
0.000001
0.000414
0.000001
0.000001
0.124433
0.000280
0.000000
0.000288
0.000000
0.002411
0.009216
0.000770
0.000000
0.000024
0.001259
0.000030
0.000178
0.039652
0.000002
0.000004
0.000000
0.000000
0.000000
0.000042
0.000000
0.000015
0.000000
0.000027
0.000135
0.007263
0.000007
0.000002
0.000886
0.121397
0.000615
0.000000
0.000003
0.003898
0.000000
0.000145
0.015405
0.000000
0.000000
0.001604
0.000001
0.000045
0.000516
0.000000
0.000001
0.000282
0.000003
0.000792
0.000000
0.000524
0.003473
0.000008
0.000003
0.000288
0.000000
0.005562
0.000001
0.000000
0.000000
0.004419
0.000065
0.000922
0.000077
0.119474
0.000001
0.000000
0.154122
0.000105
0.000013
0.003007
0.000041
0.288934
0.003819
0.000020
0.000001
0.000004
0.000000
0.000001
0.000003
0.000578
0.000544
0.000000
0.000005
0.000005
0.000252
0.000003
0.012503
0.000008
0.003131
0.000000
0.004164
0.000029
0.000384
0.000002
0.000000
0.000243
0.000081
0.000144
0.000761
0.001644
0.000017
0.000000
0.000319
0.001804
0.000209
0.000021
0.000001
0.000512
0.000000
0.000029
0.000000
0.000374
0.000097
0.000190
0.009845
0.000001
0.000562
0.000093
0.000005
0.000144
0.000966
0.002451
0.000000
0.035357
0.000261
0.002152
0.024147
