0.148829
0.334990
0.633859
0.326911
0.779869
0.531761
0.392413
0.949367
0.075851
0.697359
0.202389
0.930333
0.486390
0.603518
0.524054
0.541568
0.252052
0.565864
0.098991
0.719334
0.636908
0.119662
0.097639
0.849469
0.115013
0.782292
0.790348
0.963849
0.041806
0.741228
0.765733
0.920395
0.686918
0.298844
0.156498
0.599136
0.909627
0.414247
0.097603
0.743375
0.357390
0.779222
0.081254
0.590664
0.613889
0.101256
0.240993
0.670430
0.143829
0.340747
0.279858
0.801260
0.229124
0.467491
0.611714
0.013883
0.702629
0.765164
0.284380
0.430772
0.458177
0.946615
0.583753
0.774083
0.148551
0.072620
0.977745
0.482138
0.109788
0.114689
0.499486
0.372014
0.019326
0.427731
0.913029
0.547216
0.741754
0.668639
0.217326
0.543262
0.214894
0.343183
0.313278
0.161876
0.639941
0.234415
0.598897
0.820643
0.433334
0.030685
0.530105
0.422423
0.216649
0.134570
0.051734
0.705140
0.312237
0.875438
0.852301
0.763625
0.935334
0.969478
0.635153
0.257356
0.727007
0.142827
0.249880
0.443675
0.397099
0.843855
0.694576
0.156098
0.310401
0.236404
0.072229
0.094893
0.885320
0.451752
0.655139
0.226769
0.381632
0.199005
0.952986
0.719817
0.740584
0.226646
0.265976
0.698229
0.715418
0.926110
0.778034
0.373337
0.293057
0.250376
0.821046
0.124629
0.656569
0.940120
0.576301
0.266226
0.256205
0.213642
0.470079
0.770383
0.375698
0.267661
0.763326
0.229442
0.224764
0.189206
0.888002
0.400235
0.571983
0.259910
0.793981
0.552795
0.216541
0.799992
0.161094
0.308015
0.159095
0.557150
0.313837
0.175726
0.174781
0.521540
0.163510
0.719201
0.484177
0.936455
0.537373
0.398791
0.425428
0.202106
0.155791
