0.343108
0.134013
0.000027
0.000738
0.013624
0.011605
0.075791
0.015422
0.005470
0.028289
0.254926
0.003082
0.336815
0.385848
0.007276
0.322940
0.064862
0.002826
0.012304
0.000108
0.293119
0.011769
0.009750
0.124896
0.091477
0.032588
0.154073
0.054714
0.053607
0.001407
0.209713
0.069470
0.046921
0.044656
0.020181
0.005542
0.028162
0.327688
0.000040
0.002903
0.039692
0.008084
0.367493
0.424300
0.048359
0.066657
0.303117
0.019006
0.030620
0.440490
0.001401
0.130417
0.009674
0.003006
0.050519
0.030790
0.052914
0.036151
0.023292
0.194089
0.008341
0.281180
0.000256
0.027027
0.010920
0.005687
0.086749
0.082059
0.077958
0.003008
0.015893
0.365993
0.326341
0.002064
0.054442
0.015584
0.084208
0.017761
0.109191
0.007730
0.047673
0.018052
0.100805
0.565558
0.017389
0.051006
0.001342
0.005928
0.604713
0.061268
0.049154
0.435572
0.095973
0.048954
0.131626
0.159237
0.140304
0.763457
0.182921
0.000892
0.013463
0.000001
0.002394
0.108042
0.076214
0.003330
0.000368
0.648760
0.098303
0.112363
0.172736
0.029109
0.030266
0.041034
0.256843
0.004790
0.094056
0.033163
0.567430
0.355735
0.063933
0.020421
0.117730
0.125711
0.024504
0.002425
0.278004
0.168343
0.001932
0.001868
0.020038
0.048138
0.127198
0.167660
0.036424
0.267520
0.057690
0.038673
0.069240
0.097069
0.046109
0.050852
0.127610
0.344299
0.244443
0.019348
0.103177
0.001343
0.088554
0.000124
0.352215
0.003536
0.367024
0.012990
0.041207
0.056228
0.010553
0.017222
0.509941
0.092535
0.004449
0.060262
0.011147
0.003354
0.014927
0.078679
0.064894
0.002922
0.035648
0.007149
0.005891
0.479335
0.000154
0.071664
0.322672
