0.391128
0.463563
0.625332
0.767063
0.098285
0.650949
0.053999
0.567018
0.358978
0.889618
0.843805
0.526663
0.433532
0.664113
0.272378
0.198066
0.616808
0.186242
0.914157
0.064094
0.330529
0.585351
0.384925
0.235647
0.449944
0.101351
0.627465
0.005070
0.439244
0.273822
0.615389
0.100884
0.885645
0.578795
0.261540
0.588284
0.727336
0.381175
0.417762
0.473262
0.369781
0.895959
0.274814
0.496490
0.492841
0.423969
0.613497
0.309466
0.871170
0.174789
0.449205
0.880371
0.502599
0.776546
0.873452
0.766726
0.313483
0.346760
0.426733
0.080953
0.043870
0.759633
0.606528
0.829327
0.844497
0.765941
0.304167
0.897952
0.382614
0.115632
0.113806
0.284408
0.263829
0.364820
0.248263
0.496268
0.248263
0.434775
0.093949
0.271317
0.569345
0.575057
0.952852
0.779316
0.232875
0.886861
0.475648
0.140091
0.945801
0.603343
0.293605
0.188275
0.204537
0.202000
0.601103
0.841524
0.509635
0.852416
0.477387
0.162667
0.714891
0.898612
0.971955
0.150315
0.704595
0.157608
0.167398
0.007194
0.362309
0.078924
0.812089
0.006754
0.544132
0.240853
0.503824
0.017688
0.999576
0.450894
0.473587
0.798866
0.381270
0.386373
0.100419
0.482076
0.474238
0.400943
0.126075
0.450049
0.261835
0.558199
0.230462
0.784388
0.568064
0.680923
0.160319
0.389280
0.089573
0.518855
0.527458
0.992162
0.154117
0.873452
0.821193
0.681632
0.404413
0.011744
0.774658
0.004966
0.023467
0.010333
0.981424
0.117559
0.143899
0.035381
0.768632
0.166627
0.443528
0.432705
0.093046
0.472396
0.270863
0.285271
0.799727
0.375071
0.700957
0.136543
0.359440
0.527912
0.597923
0.622489
0.727220
0.206731
0.825534
0.425299
0.077755
