0.113363
0.172666
0.024437
0.047105
0.310217
0.570043
0.020561
0.471963
0.000009
0.269430
0.599571
0.111933
0.168793
0.076160
0.037624
0.184226
0.003081
0.028938
0.469047
0.008572
0.009832
0.299097
0.874903
0.357873
0.015303
0.068244
0.918146
0.170668
0.623200
0.024130
0.339155
0.184115
0.012954
0.386663
0.133327
0.023189
0.141693
0.151353
0.090597
0.148817
0.004862
0.194136
0.383768
0.893443
0.012964
0.552189
0.017246
0.087089
0.740834
0.941073
0.333241
0.001130
0.420910
0.007518
0.031081
0.103373
0.072611
0.004980
0.501152
0.009871
0.668735
0.661979
0.084751
0.139164
0.038739
0.212926
0.048580
0.429199
0.664943
0.573074
0.002874
0.482841
0.015140
0.546545
0.457153
0.122757
0.437370
0.155854
0.345949
0.804018
0.913623
0.010174
0.020286
0.298528
0.571558
0.166730
0.006712
0.588401
0.052447
0.006229
0.627820
0.638728
0.259559
0.334911
0.011515
0.000305
0.055534
0.010825
0.324806
0.336057
0.018867
0.023854
0.001882
0.314746
0.000986
0.119901
0.159923
0.735658
0.667076
0.214750
0.872815
0.336322
0.229529
0.789100
0.000188
0.105120
0.419791
0.396705
0.141648
0.048118
0.350196
0.768967
0.737731
0.336498
0.177097
0.023978
0.448678
0.012285
0.141024
0.249538
0.207712
0.055905
0.143266
0.054627
0.000057
0.106230
0.181512
0.016398
0.306312
0.179211
0.175591
0.485798
0.198955
0.466893
0.812511
0.836222
0.313231
0.623318
0.299015
0.279194
0.251318
0.033396
0.685766
0.124387
0.399955
0.600985
0.176881
0.088679
0.083252
0.396606
0.099133
0.939747
0.007034
0.542410
0.611961
0.143446
0.206854
0.186861
0.547235
0.171664
0.302607
0.002427
0.907172
0.800695
0.079676
