0.000456
0.002290
0.000357
0.020255
0.000024
0.004974
0.002253
0.342541
0.000000
0.000496
0.527912
0.030074
0.000065
0.001043
0.000431
0.000003
0.000888
0.141202
0.000984
0.000000
0.000038
0.161415
0.025051
0.320346
0.007532
0.000310
0.000391
0.005395
0.000333
0.001245
0.129306
0.003126
0.000080
0.012224
0.018066
0.059301
0.505609
0.000131
0.002116
0.294971
0.264719
0.110591
0.002024
0.026618
0.004163
0.003386
0.003455
0.017436
0.001362
0.446046
0.007065
0.000321
0.000127
0.000054
0.171612
0.000291
0.024184
0.000305
0.000280
0.000549
0.011515
0.019575
0.037611
0.060216
0.005024
0.000066
0.123510
0.211426
0.053003
0.011448
0.003535
0.024274
0.002392
0.042239
0.103339
0.328266
0.000380
0.042894
0.239956
0.007368
0.000412
0.005048
0.000197
0.317368
0.138768
0.001786
0.002413
0.001353
0.007259
0.000000
0.008279
0.022719
0.001605
0.027924
0.000629
0.002837
0.000887
0.000139
0.000027
0.003470
0.684703
0.018683
0.009817
0.000062
0.184393
0.000012
0.005152
0.004017
0.184282
0.000035
0.013953
0.004472
0.073183
0.033923
0.217797
0.000031
0.088442
0.015555
0.841822
0.000011
0.612552
0.150033
0.121969
0.000657
0.051278
0.288822
0.018711
0.009851
0.160419
0.000011
0.001419
0.126521
0.225302
0.032746
0.002705
0.055437
0.002081
0.000015
0.198539
0.158983
0.000246
0.000003
0.000929
0.003838
0.055631
0.002136
0.092029
0.007222
0.019671
0.024346
0.044898
0.000038
0.087264
0.000031
0.812511
0.080054
0.000636
0.000229
0.004635
0.049134
0.090960
0.041371
0.010309
0.000000
0.000114
0.000000
0.027506
0.000004
0.001176
0.010281
0.000015
0.001198
0.000235
0.000257
0.006121
