0.008263
0.023284
0.452058
0.212550
0.998957
0.522244
0.388212
0.511429
0.232539
0.655575
0.051750
0.947526
0.173194
0.268979
0.889017
0.000007
0.040403
0.540118
0.719670
0.591806
0.021250
0.030162
0.942322
0.008910
0.260511
0.836322
0.358886
0.007797
0.651898
0.075850
0.800158
0.016268
0.379069
0.423765
0.230062
0.061038
0.097668
0.714774
0.866277
0.270184
0.002786
0.003401
0.394351
0.120912
0.316605
0.262867
0.091722
0.690602
0.001058
0.005002
0.734966
0.133242
0.010605
0.187426
0.461956
0.046590
0.361196
0.010095
0.175484
0.196651
0.051695
0.224124
0.199311
0.044978
0.008616
0.002519
0.040973
0.693665
0.089424
0.747362
0.304991
0.536114
0.415941
0.427349
0.767960
0.044105
0.000265
0.626635
0.648220
0.447519
0.133667
0.011338
0.481639
0.374502
0.004781
0.001613
0.669564
0.057490
0.029183
0.021887
0.148770
0.290251
0.041475
0.060932
0.206059
0.278113
0.008360
0.903662
0.131513
0.339155
0.043885
0.117369
0.590044
0.623081
0.003749
0.135808
0.438827
0.401735
0.672051
0.073359
0.043078
0.154406
0.736234
0.590984
0.118323
0.083561
0.621779
0.674773
0.000097
0.061527
0.179702
0.013926
0.004774
0.451000
0.570859
0.039456
0.000284
0.013868
0.138417
0.203809
0.930779
0.293605
0.823575
0.020677
0.000306
0.058890
0.070457
0.157755
0.849794
0.554267
0.075489
0.068103
0.038089
0.038879
0.038600
0.077781
0.136197
0.000009
0.344242
0.910620
0.756465
0.013296
0.000546
0.233616
0.080953
0.369969
0.789974
0.000206
0.189128
0.181512
0.025737
0.270108
0.719204
0.103646
0.307803
0.062149
0.063983
0.531552
0.556116
0.235240
0.076549
0.834911
0.009628
0.217287
0.053999
