0.118399
0.719786
0.523942
0.856554
0.258682
0.147470
0.319408
0.703187
0.803911
0.343256
0.029898
0.897040
0.187313
0.271771
0.068150
0.260291
0.049047
0.011573
0.187200
0.059550
0.021179
0.004751
0.029713
0.282688
0.105259
0.552997
0.079892
0.123709
0.047424
0.815769
0.692016
0.000590
0.043496
0.030787
0.691192
0.647626
0.293124
0.000647
0.098090
0.001327
0.304497
0.178016
0.000500
0.108303
0.223016
0.019708
0.025331
0.441435
0.209996
0.014619
0.277420
0.076108
0.280743
0.017090
0.222951
0.000001
0.016555
0.201400
0.545395
0.898530
0.705768
0.039005
0.689305
0.010349
0.089753
0.003244
0.165349
0.650355
0.023060
0.139516
0.054398
0.201760
0.226419
0.176773
0.622134
0.373649
0.040331
0.027153
0.903742
0.068432
0.090536
0.508963
0.728379
0.017331
0.101752
0.001093
0.310551
0.009752
0.117065
0.193439
0.038767
0.069904
0.127171
0.771761
0.421215
0.006229
0.229596
0.001650
0.026696
0.093886
0.285743
0.664824
0.484264
0.417053
0.470450
0.605230
0.144716
0.025500
0.554729
0.030118
0.379547
0.049552
0.065798
0.191647
0.013579
0.209872
0.892429
0.141291
0.573773
0.050453
0.933552
0.775991
0.019752
0.008373
0.622489
0.087089
0.676903
0.465925
0.049134
0.079676
0.797895
0.447624
0.121851
0.542984
0.230930
0.551382
0.005759
0.000929
0.082832
0.004218
0.173194
0.033433
0.107034
0.508851
0.032974
0.157412
0.275579
0.163171
0.734043
0.016987
0.856076
0.249326
0.000106
0.001218
0.926969
0.550459
0.085582
0.723043
0.205327
0.085294
0.071380
0.222561
0.447940
0.561095
0.856267
0.016060
0.002855
0.179266
0.320346
0.068667
0.587697
0.197181
0.062041
0.001556
0.000337
