0.810504
0.129140
0.284095
0.893527
0.421521
0.476191
0.206486
0.097636
0.572257
0.170930
0.058176
0.941449
0.039899
0.134477
0.836222
0.773545
0.395232
0.372420
0.033652
0.811878
0.244117
0.461528
0.016473
0.205266
0.060826
0.420300
0.119476
0.346579
0.127253
0.475105
0.728726
0.416547
0.455132
0.806365
0.393861
0.998689
0.596981
0.479456
0.489314
0.435086
0.901559
0.083900
0.339066
0.820362
0.175324
0.936461
0.729537
0.395919
0.578211
0.541493
0.209068
0.921532
0.091112
0.042543
0.521905
0.846172
0.781636
0.382518
0.088501
0.294971
0.842517
0.063917
0.043341
0.469694
0.434153
0.830653
0.322485
0.715824
0.701192
0.746905
0.077360
0.702718
0.964004
0.856363
0.143401
0.111860
0.867206
0.986980
0.848622
0.549537
0.810927
0.538973
0.201460
0.966205
0.454283
0.695078
0.764480
0.352651
0.582071
0.558431
0.371759
0.500596
0.092244
0.423663
0.258171
0.124587
0.660201
0.868225
0.998338
0.343435
0.745533
0.814405
0.988625
0.309217
0.751240
0.608889
0.009859
0.316267
0.390252
0.217223
0.029887
0.338800
0.151542
0.341023
0.589692
0.549422
0.147008
0.416851
0.645253
0.076057
0.276575
0.376686
0.277036
0.250107
0.654745
0.283391
0.590984
0.334207
0.173725
0.251176
0.153542
0.730578
0.449310
0.407802
0.641931
0.355485
0.363981
0.715941
0.162517
0.835617
0.001829
0.700370
0.716874
0.346760
0.147008
0.785487
0.096574
0.317283
0.790519
0.224778
0.590162
0.687064
0.130176
0.715591
0.001675
0.751240
0.109907
0.500707
0.679741
0.064739
0.128399
0.299585
0.178178
0.476735
0.109979
0.757371
0.299503
0.035330
0.287003
0.448678
0.244327
0.038281
0.712672
0.078924
0.568530
