0.138768
0.003610
0.503267
0.157559
0.138329
0.428273
0.007163
0.983374
0.417661
0.003141
0.310467
0.496490
0.207774
0.701662
0.033396
0.457792
0.022458
0.280200
0.742211
0.071258
0.034745
0.001379
0.074164
0.286609
0.046260
0.760424
0.034708
0.068173
0.243211
0.069164
0.615507
0.233212
0.293365
0.537600
0.086477
0.252033
0.000050
0.279349
0.241199
0.027842
0.192859
0.035138
0.331665
0.238719
0.204780
0.349199
0.255847
0.553343
0.140446
0.005099
0.817026
0.161265
0.928575
0.003669
0.123232
0.211301
0.942011
0.015656
0.880105
0.682223
0.540347
0.708228
0.102864
0.997756
0.018182
0.518403
0.024193
0.318216
0.511541
0.303099
0.577276
0.323085
0.199430
0.175591
0.077834
0.086652
0.352105
0.046822
0.018141
0.034407
0.002689
0.004151
0.335704
0.050364
0.048908
0.330442
0.323601
0.027557
0.601574
0.797895
0.000382
0.153303
0.398673
0.006792
0.008446
0.349652
0.073009
0.944897
0.513787
0.814510
0.372514
0.963285
0.025247
0.440495
0.382134
0.546660
0.129720
0.030708
0.301788
0.277190
0.001505
0.122757
0.012442
0.116725
0.046756
0.251104
0.730578
0.194427
0.286136
0.313063
0.090355
0.885471
0.030240
0.093668
0.514124
0.133582
0.362123
0.186917
0.538172
0.532577
0.004153
0.861025
0.251318
0.814720
0.037529
0.064360
0.013144
0.245867
0.123430
0.009975
0.029409
0.042088
0.313315
0.097604
0.014342
0.114772
0.093077
0.012389
0.421521
0.218116
0.144762
0.003234
0.003302
0.007031
0.155854
0.014669
0.075695
0.232337
0.018916
0.636949
0.000897
0.644660
0.292164
0.359440
0.064941
0.051332
0.276268
0.000632
0.057973
0.093761
0.002790
0.005793
0.036119
0.308302
0.166064
