0.111897
0.131765
0.128522
0.000332
0.218308
0.606764
0.789865
0.003300
0.086622
0.060070
0.402726
0.269280
0.688008
0.535315
0.079622
0.003456
0.380504
0.971082
0.726525
0.254763
0.012480
0.539087
0.975133
0.276038
0.057570
0.005323
0.970703
0.036858
0.071404
0.683286
0.575874
0.167450
0.314999
0.752605
0.099330
0.416446
0.038475
0.112921
0.380887
0.632561
0.229929
0.651067
0.190957
0.207651
0.162165
0.252606
0.400745
0.013301
0.405309
0.553690
0.199966
0.002929
0.946280
0.736119
0.052817
0.895541
0.131261
0.662454
0.682814
0.019370
0.241129
0.004350
0.736119
0.131303
0.013064
0.168586
0.774546
0.389960
0.003800
0.040374
0.344601
0.452375
0.822126
0.243350
0.120367
0.025529
0.886514
0.741867
0.268003
0.001504
0.063872
0.534516
0.038199
0.041609
0.004408
0.295052
0.499485
0.000051
0.016237
0.012791
0.027852
0.378496
0.659845
0.005928
0.637542
0.830755
0.156437
0.000439
0.057450
0.113954
0.167501
0.441331
0.483716
0.005688
0.201820
0.041938
0.532235
0.277420
0.262129
0.075438
0.164688
0.008439
0.280433
0.746791
0.104638
0.001267
0.339422
0.003023
0.056042
0.129347
0.270712
0.365659
0.083028
0.291127
0.231398
0.003274
0.622845
0.017528
0.165860
0.240094
0.062951
0.062170
0.053115
0.132481
0.027233
0.058237
0.000614
0.018683
0.548846
0.071160
0.083393
0.148073
0.001834
0.000189
0.709398
0.457366
0.633984
0.147239
0.424582
0.865625
0.000017
0.019472
0.465925
0.079892
0.093824
0.028610
0.007479
0.248122
0.000142
0.024738
0.277420
0.393372
0.109049
0.408501
0.271165
0.001247
0.325065
0.101284
0.152825
0.077966
0.065957
0.119901
0.497044
0.069616
0.015152
