0.000106
0.080163
0.018556
0.001967
0.039485
0.237350
0.014613
0.038641
0.062063
0.076160
0.000604
0.107420
0.575290
0.000756
0.055924
0.008941
0.000244
0.065098
0.002287
0.000019
0.037192
0.000677
0.267104
0.234833
0.040374
0.001979
0.004755
0.152492
0.000944
0.022643
0.058992
0.001929
0.006818
0.000059
0.082721
0.005230
0.000374
0.000606
0.009606
0.000060
0.000224
0.042406
0.008469
0.190327
0.021740
0.000013
0.072636
0.005397
0.007236
0.000157
0.169104
0.000052
0.091234
0.000006
0.000315
0.003270
0.021635
0.138812
0.000497
0.000036
0.078844
0.004021
0.000329
0.003098
0.003600
0.000000
0.038683
0.018781
0.103816
0.007715
0.001979
0.112335
0.010858
0.052743
0.027638
0.000005
0.139914
0.002505
0.000084
0.000048
0.069354
0.000074
0.000752
0.163827
0.082026
0.000076
0.114660
0.011721
0.018845
0.048460
0.084325
0.013932
0.000507
0.015993
0.002942
0.000167
0.141648
0.051170
0.022458
0.013014
0.004937
0.000452
0.105259
0.003270
0.003712
0.136717
0.010787
0.001102
0.005709
0.061038
0.010494
0.102831
0.001771
0.000062
0.000705
0.156340
0.013990
0.050846
0.002142
0.002508
0.093325
0.359255
0.000060
0.000182
0.009121
0.238993
0.000138
0.001371
0.000967
0.042436
0.204840
0.019261
0.001662
0.035279
0.074824
0.005670
0.003800
0.000890
0.012562
0.089633
0.040914
0.000544
0.002252
0.000279
0.008886
0.000001
0.000468
0.015390
0.001873
0.075156
0.050631
0.004523
0.000019
0.066025
0.013942
0.000759
0.416547
0.000003
0.001022
0.007435
0.010127
0.000362
0.112262
0.003399
0.029735
0.464636
0.008109
0.004136
0.002338
0.009840
0.003124
0.186073
0.003271
0.040345
0.143401
