0.004201
0.000001
0.000044
0.052134
0.137151
0.030052
0.113437
0.012318
0.042270
0.003641
0.206792
0.021969
0.004309
0.072067
0.001355
0.000224
0.010955
0.016342
0.020794
0.113622
0.001200
0.000334
0.068408
0.000348
0.059986
0.000526
0.001181
0.052798
0.000066
0.007450
0.004335
0.258026
0.000003
0.063279
0.004059
0.018018
0.000852
0.000006
0.000000
0.106021
0.000249
0.015854
0.004825
0.038711
0.003477
0.003628
0.004648
0.006965
0.160717
0.005187
0.568297
0.000731
0.005911
0.039870
0.003821
0.000638
0.048891
0.000084
0.000078
0.033665
0.001219
0.000030
0.002963
0.000083
0.002406
0.029066
0.591102
0.022333
0.008762
0.017548
0.090084
0.004698
0.000398
0.022821
0.000082
0.000587
0.216778
0.229330
0.007339
0.000035
0.037085
0.037801
0.000031
0.000960
0.073009
0.001561
0.000262
0.005951
0.008068
0.366219
0.001949
0.000489
0.081529
0.012678
0.003471
0.028411
0.005657
0.002778
0.063586
0.000001
0.050151
0.099166
0.000041
0.002668
0.000002
0.218436
0.001524
0.323773
0.017829
0.000251
0.000017
0.000005
0.020324
0.001512
0.007998
0.023660
0.097313
0.197711
0.001809
0.020864
0.009242
0.445101
0.000008
0.013491
0.147794
0.397589
0.007415
0.001027
0.007288
0.142096
0.074113
0.104090
0.021490
0.105259
0.009498
0.001380
0.000139
0.000014
0.000333
0.001994
0.000212
0.035138
0.000015
0.000098
0.118170
0.217989
0.022100
0.000015
0.624266
0.000183
0.002610
0.001143
0.035548
0.287556
0.085812
0.020887
0.016139
0.011049
0.014708
0.012065
0.040855
0.018169
0.001525
0.000082
0.260952
0.039258
0.000011
0.248688
0.060932
0.002027
0.001650
0.188786
0.027163
0.081888
0.001186
