0.238033
0.304167
0.761778
0.018292
0.092799
0.184449
0.231398
0.278191
0.039103
0.449416
0.011286
0.043995
0.227738
0.014055
0.001964
0.570276
0.419588
0.072685
0.181291
0.559241
0.278036
0.112701
0.890131
0.032038
0.003837
0.019016
0.110087
0.725597
0.342005
0.329310
0.091417
0.928088
0.291685
0.630428
0.194078
0.163524
0.002181
0.604522
0.441958
0.012018
0.015860
0.056061
0.615389
0.988483
0.302771
0.103339
0.509411
0.468400
0.263607
0.004396
0.213303
0.628294
0.248334
0.120250
0.150739
0.198066
0.811772
0.274814
0.000904
0.318982
0.179102
0.141291
0.504159
0.768855
0.116990
0.037543
0.327312
0.299585
0.178558
0.155080
0.094544
0.712205
0.119437
0.366126
0.046359
0.004090
0.494940
0.069354
0.423254
0.000106
0.559705
0.020293
0.180468
0.464636
0.097798
0.310050
0.677495
0.182892
0.061165
0.347662
0.531096
0.759068
0.000785
0.109620
0.049851
0.625450
0.731618
0.039927
0.821815
0.189926
0.202301
0.176827
0.057913
0.031805
0.710919
0.261540
0.514799
0.061101
0.354386
0.624740
0.332628
0.780753
0.033433
0.024112
0.129058
0.629361
0.001470
0.350468
0.023155
0.232068
0.014630
0.403023
0.009978
0.044074
0.121341
0.058522
0.007721
0.081062
0.121302
0.462598
0.190556
0.021570
0.309966
0.226616
0.083365
0.040767
0.270184
0.003986
0.008499
0.011903
0.047323
0.406305
0.689541
0.041788
0.269882
0.192570
0.009737
0.003571
0.032914
0.239337
0.107174
0.085237
0.174629
0.288742
0.032532
0.442167
0.622253
0.051296
0.256862
0.005855
0.455451
0.000620
0.115407
0.228334
0.365752
0.171139
0.003102
0.115033
0.072536
0.058542
0.149846
0.407003
0.334647
0.295132
0.505163
