0.064873
0.069664
0.012228
0.000125
0.069832
0.000227
0.002356
0.018867
0.054037
0.032225
0.029151
0.000659
0.007129
0.004317
0.000044
0.002582
0.000893
0.000021
0.003653
0.001981
0.037719
0.001545
0.008875
0.304497
0.002647
0.015467
0.033591
0.155273
0.000000
0.001036
0.000663
0.000287
0.000559
0.009025
0.097539
0.359717
0.034382
0.014157
0.014624
0.002044
0.070771
0.001075
0.003380
0.001107
0.001599
0.010535
0.116876
0.000291
0.030855
0.000012
0.000016
0.003070
0.000089
0.003402
0.001822
0.102493
0.008462
0.002795
0.181456
0.000417
0.039956
0.000008
0.008549
0.000001
0.000158
0.001106
0.268979
0.026835
0.000007
0.045721
0.116649
0.007087
0.034632
0.008848
0.001061
0.003368
0.000376
0.013789
0.000015
0.001275
0.000012
0.017917
0.020966
0.131471
0.058298
0.003062
0.019268
0.251819
0.033787
0.001243
0.139164
0.000000
0.000147
0.004095
0.000350
0.006109
0.009542
0.006301
0.036276
0.000050
0.427144
0.007199
0.001338
0.002942
0.016492
0.000006
0.001920
0.003052
0.013393
0.018591
0.009100
0.006924
0.030979
0.000001
0.001422
0.001498
0.011178
0.000028
0.000004
0.005093
0.069426
0.004986
0.000155
0.001441
0.000255
0.032108
0.069283
0.000002
0.000198
0.038364
0.027274
0.000001
0.014017
0.072561
0.000021
0.000001
0.016157
0.001798
0.019261
0.003603
0.000000
0.011958
0.000167
0.011506
0.004570
0.000732
0.000717
0.034133
0.022626
0.006032
0.105952
0.004312
0.140268
0.000085
0.000032
0.000266
0.050918
0.047694
0.006826
0.041076
0.005977
0.005230
0.048546
0.000001
0.000659
0.000095
0.012209
0.032402
0.011857
0.010800
0.003409
0.000409
0.439035
0.021242
0.000429
