0.002065
0.000210
0.000037
0.003945
0.023827
0.016852
0.000004
0.002059
0.264794
0.000209
0.001173
0.000402
0.353655
0.007980
0.083477
0.199370
0.030900
0.027153
0.119167
0.028213
0.194194
0.036434
0.000851
0.005630
0.043885
0.001634
0.039230
0.153685
0.100984
0.005645
0.060279
0.000003
0.087264
0.203265
0.000042
0.002415
0.008308
0.267553
0.007764
0.001910
0.012591
0.528253
0.001985
0.076576
0.000058
0.000075
0.000026
0.119283
0.003225
0.000636
0.000567
0.018888
0.194369
0.000004
0.002414
0.000014
0.000000
0.000042
0.030118
0.014635
0.043745
0.063939
0.014017
0.000032
0.008727
0.258755
0.005181
0.005795
0.000476
0.050027
0.007424
0.005449
0.020677
0.016852
0.015926
0.017482
0.235172
0.000014
0.018012
0.318386
0.001255
0.308967
0.001425
0.007363
0.016757
0.008205
0.012294
0.022002
0.102797
0.000289
0.001130
0.000000
0.041430
0.307389
0.006243
0.076419
0.000018
0.004845
0.242307
0.004483
0.010605
0.042879
0.008707
0.010021
0.002064
0.003651
0.001621
0.068998
0.117255
0.000327
0.000567
0.001334
0.094607
0.000061
0.000037
0.000014
0.071063
0.020240
0.007724
0.000781
0.000742
0.000149
0.009924
0.018389
0.000001
0.038879
0.001125
0.009142
0.000426
0.023206
0.000670
0.098057
0.190843
0.002118
0.067986
0.088412
0.000093
0.033336
0.000002
0.113069
0.008176
0.001500
0.000336
0.004791
0.000437
0.000003
0.000009
0.098578
0.032237
0.001426
0.002697
0.000230
0.175806
0.125068
0.000009
0.010531
0.005133
0.523376
0.003050
0.000198
0.140180
0.004919
0.000213
0.112335
0.002867
0.016624
0.026305
0.000362
0.022567
0.014585
0.029216
0.005251
0.004077
0.567483
0.003722
