0.093855
0.074824
0.793674
0.768632
0.005559
0.196827
0.990882
0.103169
0.007006
0.088708
0.095332
0.010913
0.141559
0.274661
0.034319
0.169937
0.103782
0.645728
0.018093
0.840827
0.228201
0.469371
0.888071
0.257661
0.215826
0.072289
0.366780
0.092984
0.360826
0.912628
0.922259
0.027244
0.065008
0.045429
0.072561
0.419690
0.852125
0.243072
0.395527
0.016380
0.633984
0.086739
0.005715
0.008406
0.001564
0.734735
0.016287
0.223994
0.043496
0.096991
0.000633
0.098610
0.237486
0.890131
0.314409
0.198658
0.175859
0.314915
0.319237
0.042848
0.040389
0.198066
0.663876
0.251247
0.517614
0.099363
0.048995
0.062516
0.069497
0.637542
0.401339
0.944472
0.006296
0.001167
0.157510
0.087030
0.479456
0.050399
0.598158
0.688480
0.329136
0.131513
0.477822
0.382710
0.276345
0.381558
0.078844
0.212676
0.061059
0.011230
0.008298
0.178721
0.112518
0.114214
0.858178
0.376115
0.237008
0.066872
0.237145
0.231867
0.131136
0.026150
0.182948
0.086506
0.081971
0.423050
0.098741
0.205388
0.003070
0.008562
0.002268
0.611370
0.047256
0.129886
0.870161
0.245516
0.058603
0.419690
0.175913
0.000686
0.077150
0.209068
0.014759
0.444367
0.095713
0.190041
0.009377
0.918369
0.191993
0.014546
0.000025
0.131345
0.321457
0.045916
0.077544
0.097863
0.759859
0.057210
0.040013
0.088442
0.891665
0.079406
0.012365
0.002957
0.330442
0.139826
0.053358
0.407901
0.511653
0.256499
0.471963
0.285822
0.090325
0.369405
0.002860
0.420096
0.188445
0.161115
0.001563
0.279968
0.235240
0.055573
0.101150
0.253611
0.055418
0.778873
0.302033
0.013942
0.105952
0.052724
0.321115
0.025322
0.036685
0.000690
0.336410
