0.063191
0.576809
0.021748
0.021522
0.594863
0.906618
0.060932
0.862440
0.630902
0.644423
0.314746
0.265389
0.079433
0.200264
0.871445
0.653203
0.846663
0.519871
0.009636
0.404115
0.234494
0.604522
0.185680
0.428273
0.315252
0.919258
0.467861
0.261246
0.694607
0.542525
0.361659
0.172296
0.585234
0.005281
0.762228
0.532349
0.706354
0.147794
0.098578
0.268378
0.658185
0.361196
0.004472
0.981995
0.558894
0.527231
0.374596
0.483935
0.883548
0.047441
0.905823
0.523489
0.660438
0.115745
0.936787
0.444052
0.611606
0.487994
0.622134
0.698842
0.045300
0.909998
0.732774
0.951169
0.039343
0.397885
0.269882
0.396213
0.220233
0.237555
0.825122
0.049325
0.816084
0.690720
0.277574
0.870712
0.799189
0.461207
0.707174
0.697314
0.271695
0.079218
0.529958
0.369217
0.617518
0.558199
0.037327
0.383287
0.223211
0.493945
0.827383
0.204355
0.762116
0.898365
0.933752
0.031184
0.515474
0.821193
0.102189
0.213617
0.406903
0.003159
0.332803
0.012547
0.270485
0.124547
0.244117
0.402825
0.596863
0.299097
0.819530
0.003552
0.528480
0.573190
0.761665
0.562719
0.210679
0.176450
0.187822
0.956388
0.611370
0.493614
0.334032
0.908433
0.226946
0.331490
0.851253
0.875446
0.111751
0.618228
0.752832
0.054169
0.240370
0.200921
0.010560
0.289377
0.956812
0.861591
0.711036
0.635170
0.934019
0.905425
0.609480
0.140535
0.578912
0.810716
0.062300
0.828509
0.711737
0.574940
0.731618
0.591219
0.109227
0.687536
0.246922
0.087469
0.174097
0.913318
0.107034
0.575757
0.179429
0.726293
0.125510
0.617991
0.487335
0.122126
0.767063
0.677731
0.279658
0.341202
0.213742
0.205327
0.623910
0.379738
0.135507
