0.620832
0.001461
0.028484
0.029691
0.063828
0.008799
0.002009
0.013434
0.018718
0.236395
0.002129
0.016262
0.002407
0.000048
0.003172
0.000000
0.060911
0.454283
0.038711
0.007727
0.000792
0.040738
0.076238
0.000581
0.079272
0.011707
0.005621
0.001129
0.039019
0.084183
0.493724
0.000357
0.000861
0.011876
0.717923
0.000263
0.000004
0.000037
0.000138
0.281676
0.037246
0.013657
0.032532
0.226814
0.099527
0.125550
0.000007
0.012018
0.001501
0.006119
0.257153
0.009932
0.003667
0.787679
0.182394
0.000001
0.000780
0.002684
0.043542
0.000013
0.018224
0.002566
0.001697
0.077202
0.013322
0.016903
0.027617
0.022117
0.077676
0.534972
0.068998
0.001505
0.000844
0.000108
0.000413
0.000620
0.000145
0.237076
0.000426
0.019031
0.011885
0.000000
0.076005
0.011182
0.000611
0.000000
0.086130
0.022693
0.000030
0.003927
0.082665
0.001278
0.000219
0.000284
0.000423
0.080734
0.036237
0.001659
0.018128
0.051314
0.009275
0.025747
0.016795
0.060405
0.000048
0.000574
0.000525
0.037394
0.110699
0.025957
0.006454
0.014060
0.562139
0.001651
0.256789
0.000387
0.006622
0.001412
0.000024
0.027053
0.108551
0.004740
0.000203
0.038739
0.015198
0.000191
0.058501
0.001320
0.071698
0.031735
0.172138
0.168172
0.062149
0.000145
0.000189
0.014838
0.000994
0.000044
0.564925
0.018810
0.027986
0.037828
0.000348
0.000011
0.037058
0.123351
0.015944
0.000046
0.358333
0.035177
0.470234
0.013507
0.134905
0.169052
0.001909
0.153350
0.003544
0.000045
0.023129
0.034884
0.015472
0.002173
0.002716
0.000202
0.046557
0.001995
0.000057
0.001037
0.001242
0.000281
0.000025
0.197593
0.000345
0.000020
0.009662
