0.792479
0.994341
0.423969
0.490965
0.087557
0.609480
0.599807
0.227937
0.163928
0.420605
0.447098
0.279735
0.221395
0.118783
0.842715
0.221524
0.433429
0.896125
0.624858
0.952797
0.053904
0.663639
0.378115
0.313736
0.891070
0.163070
0.593569
0.008324
0.169989
0.787569
0.489424
0.711504
0.693548
0.066665
0.876798
0.295696
0.831874
0.604050
0.410905
0.224516
0.734851
0.283939
0.748504
0.147285
0.702483
0.583945
0.907961
0.306312
0.427451
0.425094
0.227606
0.454602
0.287003
0.090839
0.024076
0.681869
0.955693
0.490084
0.004990
0.686474
0.457366
0.688716
0.421725
0.005421
0.508180
0.086768
0.006979
0.096191
0.005212
0.016662
0.861591
0.411508
0.136413
0.113289
0.097798
0.128728
0.383961
0.581369
0.501374
0.826459
0.644779
0.433015
0.428787
0.195946
0.145538
0.933418
0.783288
0.240991
0.395232
0.633629
0.082721
0.490304
0.910853
0.182505
0.890729
0.301461
0.033873
0.857224
0.348294
0.798111
0.639677
0.586993
0.938918
0.399758
0.305156
0.359624
0.260732
0.354295
0.050595
0.438619
0.270108
0.888501
0.160468
0.751695
0.711971
0.487115
0.682814
0.672288
0.493393
0.169572
0.820154
0.165349
0.620713
0.594510
0.508963
0.124307
0.412111
0.673471
0.386373
0.202843
0.184226
0.372231
0.842815
0.852803
0.136717
0.356035
0.148165
0.707642
0.387825
0.832686
0.106684
0.652372
0.307306
0.120717
0.993351
0.158245
0.050792
0.751126
0.433429
0.691074
0.313063
0.502933
0.070192
0.436954
0.943678
0.331315
0.508516
0.707057
0.531438
0.541378
0.249610
0.916351
0.319663
0.754877
0.805406
0.467215
0.969765
0.446677
0.720601
0.380791
0.272302
0.964242
0.657710
0.289297
0.230062
