0.004062
0.022821
0.060132
0.294891
0.072289
0.121890
0.636949
0.081309
0.000437
0.517501
0.731387
0.097345
0.022702
0.744961
0.405010
0.213428
0.012801
0.034133
0.589457
0.054877
0.778541
0.817757
0.000133
0.154213
0.009718
0.256862
0.898447
0.811350
0.320858
0.152492
0.136327
0.102729
0.070868
0.019775
0.094105
0.386566
0.006816
0.482513
0.067288
0.000028
0.232673
0.592629
0.611015
0.132227
0.203507
0.585117
0.128934
0.068244
0.673708
0.163171
0.748162
0.004136
0.001785
0.006549
0.361104
0.091661
0.017555
0.178939
0.639559
0.308468
0.277497
0.459605
0.062451
0.244886
0.000250
0.482294
0.032378
0.434257
0.020864
0.956600
0.321029
0.009699
0.081777
0.045445
0.199133
0.065798
0.045477
0.100154
0.016157
0.330704
0.036672
0.258317
0.470234
0.232539
0.006534
0.283157
0.879393
0.049081
0.026441
0.499596
0.901233
0.409802
0.098025
0.029626
0.056791
0.006802
0.097184
0.658541
0.011640
0.300562
0.588988
0.190098
0.228599
0.067219
0.750442
0.054455
0.042285
0.562951
0.308302
0.187595
0.008762
0.021651
0.003886
0.054704
0.092428
0.101719
0.038991
0.465172
0.455557
0.123748
0.059095
0.969549
0.447203
0.378783
0.008087
0.001284
0.134178
0.739801
0.996730
0.432292
0.002378
0.062907
0.052928
0.338357
0.283235
0.007892
0.174523
0.047592
0.115520
0.077412
0.073133
0.006749
0.012625
0.545051
0.832483
0.486237
0.175752
0.008118
0.358241
0.050828
0.060594
0.111642
0.565274
0.117407
0.047778
0.043078
0.646321
0.184003
0.094481
0.571325
0.009457
0.092121
0.021402
0.006659
0.700957
0.086274
0.533261
0.628176
0.304250
0.143989
0.443319
0.316351
0.005942
0.114697
0.287477
