0.449416
0.028981
0.000000
0.148584
0.915296
0.055670
0.985330
0.729537
0.086043
0.992032
0.000275
0.000156
0.105224
0.010737
0.028747
0.019999
0.151921
0.673945
0.002008
0.231465
0.075489
0.373460
0.600043
0.011032
0.011618
0.189299
0.067358
0.002033
0.449416
0.109049
0.503156
0.118284
0.050204
0.001151
0.007134
0.253611
0.460780
0.858464
0.882757
0.899352
0.054322
0.069952
0.178450
0.225958
0.000094
0.089364
0.108267
0.198658
0.009591
0.186354
0.000018
0.506838
0.594745
0.179811
0.149004
0.467646
0.105155
0.005203
0.692370
0.004394
0.271090
0.065639
0.009001
0.032213
0.088887
0.699900
0.166269
0.018796
0.311219
0.503378
0.360086
0.548271
0.166730
0.367061
0.001868
0.569461
0.590749
0.036911
0.053508
0.059986
0.003287
0.054284
0.405707
0.175538
0.074620
0.089036
0.283157
0.000086
0.737616
0.105535
0.104467
0.679032
0.197948
0.020096
0.079487
0.309550
0.566436
0.358794
0.120912
0.987411
0.007188
0.036041
0.088857
0.000138
0.108551
0.000439
0.022880
0.347752
0.036473
0.053040
0.189128
0.430537
0.124947
0.004745
0.029130
0.015158
0.940191
0.006286
0.003487
0.717573
0.141827
0.097733
0.176773
0.718506
0.001650
0.046326
0.084609
0.205144
0.003585
0.183392
0.621779
0.236940
0.013383
0.091814
0.196298
0.288188
0.658422
0.384732
0.086826
0.207344
0.454071
0.007256
0.016355
0.437578
0.394253
0.217032
0.051206
0.314493
0.135636
0.428376
0.011671
0.303921
0.341380
0.767511
0.004816
0.033873
0.003494
0.022026
0.368279
0.118438
0.040287
0.188786
0.319919
0.166627
0.129058
0.491076
0.647745
0.234630
0.442690
0.238102
0.047711
0.186410
0.056278
0.000941
0.909452
