0.017655
0.000258
0.000296
0.002904
0.002795
0.000012
0.242933
0.023068
0.000051
0.800588
0.007073
0.000084
0.043807
0.001638
0.011247
0.000720
0.005526
0.061271
0.031828
0.010142
0.036145
0.000027
0.013948
0.043542
0.061292
0.001617
0.000008
0.000135
0.008789
0.025444
0.000046
0.010968
0.000039
0.223994
0.030697
0.008844
0.002037
0.000107
0.234224
0.000285
0.130426
0.008240
0.044978
0.125954
0.000002
0.001188
0.053866
0.000120
0.686946
0.029398
0.038461
0.001212
0.001410
0.225040
0.000641
0.106579
0.000314
0.000063
0.001294
0.080489
0.078924
0.006070
0.000033
0.011622
0.003414
0.000014
0.428993
0.059054
0.285664
0.011356
0.014184
0.003490
0.069022
0.070433
0.000255
0.023721
0.000069
0.000216
0.174896
0.000105
0.000046
0.000419
0.000600
0.000273
0.007730
0.107174
0.000130
0.000003
0.006022
0.072314
0.002092
0.027832
0.000006
0.000006
0.251033
0.004245
0.000657
0.000691
0.003224
0.000004
0.001661
0.003607
0.002786
0.000278
0.009224
0.000022
0.000483
0.000210
0.541378
0.530869
0.001516
0.017762
0.000000
0.000670
0.006271
0.128194
0.000029
0.061548
0.002363
0.000460
0.001488
0.017775
0.001926
0.000250
0.001580
0.007616
0.022719
0.007149
0.033239
0.028800
0.226024
0.000114
0.062278
0.231867
0.024319
0.007865
0.002174
0.000002
0.265537
0.002598
0.161665
0.011613
0.005639
0.008796
0.418370
0.171664
0.000158
0.000783
0.001358
0.000059
0.000310
0.011083
0.000636
0.001516
0.000049
0.709749
0.009189
0.003527
0.300562
0.023328
0.000419
0.004064
0.031550
0.075669
0.047626
0.202662
0.022391
0.000000
0.023783
0.016047
0.014098
0.051423
0.000258
0.007245
0.000684
