0.353655
0.210555
0.007917
0.099923
0.043434
0.003949
0.225696
0.001776
0.004743
0.169260
0.076706
0.449416
0.018032
0.065775
0.043948
0.141157
0.036197
0.042909
0.003684
0.000476
0.002601
0.000767
0.000006
0.000076
0.000752
0.000017
0.053923
0.001164
0.000005
0.001501
0.008263
0.055827
0.023397
0.112481
0.000000
0.015674
0.033348
0.038020
0.192512
0.076993
0.241614
0.014574
0.133370
0.022880
0.060932
0.014889
0.007065
0.029953
0.004791
0.000623
0.125028
0.007989
0.000010
0.018494
0.001121
0.016542
0.074544
0.092490
0.039343
0.000749
0.001964
0.000797
0.033469
0.070723
0.012845
0.000071
0.002767
0.000473
0.000000
0.029398
0.000094
0.021394
0.717573
0.123470
0.041535
0.073158
0.003223
0.208883
0.001815
0.007191
0.012845
0.000003
0.153446
0.004525
0.019218
0.000676
0.019494
0.356494
0.000702
0.137412
0.025397
0.001363
0.000155
0.030821
0.000001
0.000379
0.018445
0.010696
0.000103
0.003080
0.097636
0.112079
0.002313
0.002447
0.006946
0.021171
0.143220
0.000007
0.092059
0.031195
0.003262
0.003136
0.293846
0.000356
0.000156
0.002231
0.000031
0.077755
0.000012
0.099494
0.017403
0.124667
0.009181
0.010210
0.006189
0.000644
0.006808
0.006951
0.010321
0.002702
0.000003
0.059116
0.000061
0.056022
0.000003
0.184059
0.000003
0.000731
0.007073
0.004349
0.064382
0.003057
0.002776
0.000030
0.168379
0.000290
0.156097
0.000087
0.176558
0.024292
0.000315
0.001431
0.000200
0.000009
0.000738
0.011807
0.000160
0.002366
0.067543
0.000561
0.017601
0.000541
0.052024
0.197652
0.042543
0.000065
0.017964
0.000000
0.022241
0.004749
0.001307
0.011212
0.025500
0.144080
0.001555
