0.032202
0.769303
0.605584
0.343615
0.917848
0.104055
0.456089
0.785597
0.237760
0.384250
0.228665
0.766951
0.141024
0.629953
0.890046
0.677258
0.224778
0.016023
0.012707
0.502599
0.426426
0.085123
0.853093
0.478040
0.883460
0.434257
0.347752
0.545740
0.943617
0.257443
0.209872
0.587345
0.105362
0.875717
0.134948
0.355668
0.603461
0.062278
0.774991
0.232203
0.678795
0.056475
0.804659
0.601810
0.972160
0.942508
0.533375
0.627939
0.927670
0.720717
0.954285
0.501152
0.435708
0.763693
0.618465
0.153494
0.692370
0.841623
0.486017
0.364726
0.335969
0.978119
0.889532
0.824607
0.835012
0.330704
0.852803
0.421826
0.758050
0.705064
0.858559
0.485250
0.816293
0.320260
0.594863
0.298609
0.041863
0.614443
0.061998
0.294007
0.528139
0.037152
0.007610
0.976452
0.142860
0.579731
0.642762
0.485030
0.907488
0.036080
0.769527
0.454708
0.490745
0.756351
0.952183
0.008906
0.148444
0.784168
0.559125
0.749417
0.243420
0.218308
0.312560
0.428787
0.698960
0.452587
0.231063
0.663758
0.499152
0.913547
0.812300
0.720834
0.636949
0.541837
0.394449
0.388019
0.417762
0.614561
0.211551
0.879660
0.172138
0.446887
0.241891
0.070216
0.135163
0.545970
0.133200
0.294810
0.603461
0.176343
0.328701
0.143356
0.955263
0.301788
0.971040
0.774324
0.141962
0.342809
0.119013
0.151495
0.607590
0.249467
0.616927
0.171507
0.465602
0.102189
0.178721
0.654270
0.423050
0.588518
0.289933
0.673116
0.328006
0.738536
0.051314
0.537257
0.166115
0.766390
0.987335
0.132438
0.421419
0.893105
0.383961
0.798003
0.287319
0.576692
0.122757
0.914310
0.045656
0.632087
0.573190
0.990490
0.296665
0.199787
0.719786
