0.000016
0.000000
0.000000
0.000019
0.000000
0.000000
0.000000
0.000000
0.000000
0.000060
0.000000
0.000000
0.000102
0.000001
0.000000
0.000000
0.000000
0.000000
0.000000
0.000010
0.000000
0.000124
0.000000
0.000000
0.000063
0.000000
0.000000
0.000000
0.000000
0.000000
0.000000
0.000000
0.000000
0.000000
0.000000
0.000000
0.000000
0.000000
0.000000
0.000000
0.000021
0.000000
0.000000
0.000000
0.000000
0.000112
0.000000
0.000000
0.000000
0.000000
0.000000
0.000000
0.000000
0.000000
0.000000
0.000000
0.000001
0.000000
0.000002
0.000000
0.000000
0.000001
0.000000
0.000000
0.000000
0.000000
0.000000
0.000520
0.000000
0.000009
0.000000
0.000000
0.000028
0.000000
0.000002
0.000000
0.000011
0.000028
0.000000
0.000000
0.000000
0.000017
0.000001
0.000000
0.000000
0.000000
0.000017
0.000000
0.000001
0.000000
0.000000
0.000000
0.000000
0.000000
0.000000
0.000003
0.000000
0.000000
0.000000
0.000003
0.000002
0.000000
0.000000
0.000000
0.000000
0.000000
0.000017
0.000000
0.000000
0.000000
0.000000
0.000000
0.000000
0.000000
0.000000
0.000000
0.000001
0.000000
0.000000
0.000000
0.000000
0.000000
0.000000
0.000000
0.000000
0.000020
0.000042
0.000000
0.000002
0.000000
0.000000
0.000000
0.000000
0.000000
0.000000
0.000000
0.000000
0.000000
0.000000
0.000001
0.000000
0.000000
0.000000
0.000000
0.000000
0.000000
0.000000
0.000000
0.000015
0.000000
0.000001
0.000000
0.000000
0.000000
0.000000
0.000000
0.000000
0.000013
0.000000
0.000000
0.000000
0.000000
0.000000
0.000002
0.000000
0.000000
0.000080
0.000000
0.000000
0.000000
0.000000
0.000000
0.000000
0.000000
0.000001
