0.020974
0.010691
0.001347
0.000185
0.014923
0.007880
0.007106
0.000001
0.000211
0.018087
0.005012
0.060720
0.000225
0.036725
0.011958
0.102594
0.053245
0.001095
0.006121
0.000144
0.034645
0.233279
0.034607
0.042073
0.018619
0.009752
0.110303
0.358149
0.002487
0.004335
0.000565
0.013352
0.115520
0.000594
0.071527
0.184561
0.046375
0.001932
0.244047
0.163625
0.013424
0.012120
0.000073
0.019210
0.049325
0.178993
0.001246
0.003894
0.598040
0.000243
0.067242
0.004110
0.000122
0.015175
0.092922
0.002158
0.000715
0.000035
0.000070
0.005837
0.001000
0.000286
0.000020
0.021781
0.002412
0.050257
0.030911
0.584648
0.333154
0.016194
0.121615
0.000030
0.001814
0.051260
0.000031
0.176773
0.242933
0.471098
0.000116
0.000010
0.000554
0.000065
0.000442
0.085180
0.009210
0.002046
0.010257
0.001154
0.000062
0.028547
0.028716
0.353107
0.001985
0.015129
0.000444
0.061101
0.159527
0.001262
0.013548
0.001914
0.132988
0.002950
0.000382
0.000001
0.001242
0.205632
0.000038
0.208081
0.005469
0.000355
0.017350
0.236327
0.030107
0.000161
0.002773
0.000229
0.003821
0.030507
0.003976
0.000382
0.009583
0.004550
0.000227
0.014157
0.015878
0.016078
0.008670
0.050435
0.894032
0.045965
0.001178
0.084894
0.011382
0.063740
0.025967
0.000059
0.002826
0.000001
0.329832
0.000002
0.008469
0.061912
0.009867
0.000000
0.090355
0.000023
0.033701
0.002428
0.000599
0.000001
0.009377
0.000371
0.192802
0.192339
0.007800
0.001127
0.002759
0.004407
0.014697
0.013014
0.012247
0.811561
0.000242
0.018676
0.093792
0.000497
0.000508
0.041356
0.002343
0.001449
0.003547
0.010127
0.012186
0.000164
0.000046
