0.542640
0.002994
0.603697
0.315759
0.033372
0.001748
0.054074
0.381079
0.321713
0.005150
0.366313
0.319067
0.332277
0.013104
0.232337
0.672406
0.028537
0.691309
0.135895
0.429713
0.106056
0.073660
0.770980
0.140047
0.000752
0.027689
0.079784
0.001419
0.904545
0.057812
0.009092
0.077439
0.066116
0.412211
0.117369
0.716641
0.231465
0.210679
0.635052
0.004273
0.464743
0.000413
0.000466
0.030373
0.172243
0.015437
0.030207
0.087586
0.864036
0.099199
0.020848
0.114697
0.036845
0.020096
0.164485
0.006698
0.323171
0.006688
0.231733
0.489534
0.527344
0.191245
0.101117
0.183170
0.063872
0.062343
0.283704
0.186861
0.062214
0.118668
0.149331
0.000332
0.320004
0.332277
0.000445
0.625213
0.251247
0.411608
0.059820
0.043589
0.002246
0.761778
0.585820
0.175806
0.030373
0.479238
0.000526
0.186129
0.469910
0.053696
0.032687
0.055069
0.168120
0.032830
0.377733
0.017383
0.497487
0.752150
0.006688
0.836121
0.195127
0.089663
0.031447
0.029398
0.239199
0.013710
0.592864
0.035794
0.128440
0.003981
0.070216
0.166115
0.591689
0.207099
0.192859
0.717340
0.728379
0.335087
0.408901
0.558546
0.041090
0.976636
0.056317
0.101652
0.806365
0.986409
0.140490
0.007631
0.931733
0.009311
0.573773
0.683050
0.003232
0.067543
0.024409
0.071478
0.017456
0.235511
0.009963
0.445941
0.033960
0.330878
0.559821
0.514012
0.044532
0.058726
0.291605
0.003442
0.861780
0.169832
0.243141
0.249610
0.042756
0.146501
0.039970
0.892174
0.022067
0.124466
0.063082
0.108728
0.035871
0.115745
0.583828
0.220814
0.230262
0.102797
0.128440
0.968147
0.484264
0.206915
0.048255
0.392786
0.723507
0.457259
0.000153
