0.171244
0.563068
0.662098
0.013039
0.299585
0.073609
0.672643
0.357137
0.378306
0.038240
0.004442
0.295374
0.792371
0.931257
0.004031
0.067543
0.589692
0.569810
0.016287
0.054838
0.182671
0.241199
0.233616
0.310384
0.140890
0.168017
0.465172
0.000160
0.000163
0.128522
0.002703
0.999922
0.006913
0.074392
0.085008
0.273898
0.201820
0.000157
0.001482
0.127090
0.009524
0.922910
0.292164
0.046491
0.711620
0.033616
0.134863
0.489534
0.025126
0.658185
0.216143
0.054131
0.014299
0.494166
0.072141
0.041120
0.199430
0.070240
0.095079
0.125833
0.034771
0.366219
0.040651
0.274432
0.524508
0.740030
0.076290
0.173884
0.124187
0.016573
0.007992
0.067404
0.340222
0.027832
0.816084
0.072984
0.725829
0.151969
0.546430
0.032237
0.017775
0.015872
0.025369
0.001152
0.170615
0.056514
0.289377
0.031898
0.003029
0.009384
0.166218
0.072042
0.070529
0.073283
0.209563
0.514686
0.364167
0.541493
0.004818
0.220685
0.609243
0.278191
0.028027
0.590749
0.352196
0.139164
0.000671
0.638373
0.370063
0.401339
0.009539
0.320175
0.185792
0.080407
0.002757
0.738766
0.030218
0.662098
0.003635
0.378496
0.199311
0.282688
0.000095
0.184896
0.807854
0.556348
0.181787
0.127253
0.282454
0.006330
0.004501
0.618938
0.985247
0.326966
0.141202
0.049221
0.317368
0.028099
0.004387
0.004847
0.365192
0.008676
0.001241
0.902370
0.834002
0.325582
0.221266
0.012432
0.315421
0.788773
0.079192
0.164282
0.802090
0.382902
0.026628
0.172402
0.954012
0.001095
0.341648
0.127009
0.028505
0.133115
0.134863
0.593099
0.579380
0.153877
0.211988
0.217989
0.787022
0.025266
0.372042
0.152634
0.052079
0.503267
0.259486
