0.147378
0.404314
0.518065
0.257880
0.389377
0.609362
0.300399
0.884336
0.598982
0.568530
0.994459
0.124427
0.155903
0.441331
0.029822
0.607590
0.023642
0.709281
0.148212
0.961078
0.781305
0.287635
0.199489
0.493945
0.512776
0.817339
0.051841
0.980381
0.447940
0.012591
0.015025
0.634814
0.857224
0.720717
0.650237
0.164384
0.105017
0.834508
0.684585
0.070868
0.294730
0.049221
0.257153
0.151495
0.948931
0.345949
0.741638
0.880016
0.205632
0.102594
0.256644
0.642525
0.812932
0.706119
0.747819
0.086710
0.607826
0.630428
0.897206
0.397688
0.954938
0.986826
0.263089
0.483388
0.325410
0.906141
0.782628
0.053377
0.766951
0.409402
0.460032
0.425811
0.060932
0.701662
0.393470
0.316013
0.015373
0.825739
0.221136
0.516712
0.227672
0.093232
0.509523
0.005958
0.616808
0.049134
0.779979
0.117864
0.984968
0.639440
0.036751
0.781194
0.536686
0.788991
0.440287
0.165962
0.512888
0.903501
0.038157
0.461742
0.433325
0.176504
0.029909
0.937631
0.389960
0.858939
0.347933
0.398082
0.048649
0.809022
0.317792
0.429404
0.091692
0.102628
0.588988
0.383768
0.804659
0.105813
0.242446
0.490194
0.472829
0.837829
0.286372
0.187482
0.913471
0.229197
0.803483
0.238170
0.890644
0.648813
0.558546
0.396410
0.045737
0.049151
0.521113
0.241129
0.709632
0.730462
0.438410
0.938790
0.017305
0.535886
0.200801
0.329223
0.105709
0.190957
0.696020
0.731734
0.919701
0.385117
0.534972
0.469586
0.901233
0.763130
0.526096
0.198480
0.436954
0.507732
0.510307
0.154406
0.767399
0.178613
0.162567
0.331315
0.346489
0.386276
0.552074
0.286451
0.448045
0.197534
0.357321
0.699312
0.666721
0.037679
0.580667
