0.582540
0.058542
0.037112
0.005382
0.189698
0.960275
0.123113
0.153207
0.375640
0.061848
0.044548
0.409302
0.041356
0.525302
0.044818
0.470450
0.250320
0.208698
0.003369
0.689070
0.001400
0.007764
0.996851
0.081860
0.450683
0.008131
0.001219
0.525415
0.222561
0.032437
0.389183
0.240853
0.002077
0.411006
0.037462
0.114288
0.933351
0.063454
0.037152
0.029658
0.151826
0.804979
0.049395
0.168845
0.357137
0.313063
0.122008
0.508404
0.821089
0.012722
0.001989
0.105709
0.396705
0.269731
0.216079
0.000972
0.015461
0.545740
0.122678
0.420910
0.405110
0.001623
0.152064
0.000966
0.358886
0.223277
0.352560
0.027506
0.052520
0.114921
0.021789
0.299992
0.142186
0.777212
0.215762
0.347210
0.849404
0.055905
0.056811
0.398279
0.387340
0.035164
0.062820
0.912858
0.291366
0.427451
0.051008
0.265835
0.069688
0.024866
0.337382
0.065707
0.055263
0.006588
0.734043
0.864971
0.242099
0.174950
0.729884
0.547005
0.418979
0.041194
0.013194
0.151921
0.010353
0.122283
0.000197
0.528139
0.168327
0.506168
0.415133
0.191705
0.309466
0.210555
0.799297
0.984855
0.084894
0.010787
0.140846
0.455876
0.023441
0.011360
0.004659
0.848525
0.065165
0.121029
0.480329
0.054264
0.503601
0.000441
0.001686
0.744847
0.217096
0.055554
0.018059
0.200861
0.182118
0.632799
0.000744
0.009337
0.012079
0.618110
0.350741
0.019834
0.050151
0.131219
0.905584
0.144443
0.101618
0.081639
0.004222
0.227606
0.526777
0.030607
0.385407
0.168793
0.250036
0.844595
0.000745
0.352834
0.503936
0.009730
0.720368
0.042179
0.017103
0.159823
0.290888
0.909920
0.578795
0.101920
0.280045
0.031366
0.080925
0.090114
0.004791
