0.004042
0.018438
0.018662
0.434775
0.701779
0.689423
0.145127
0.002044
0.269731
0.104055
0.586289
0.141024
0.584531
0.396803
0.047105
0.480983
0.433118
0.012466
0.124867
0.837428
0.014370
0.054417
0.571092
0.006124
0.498930
0.320773
0.371853
0.156194
0.359901
0.075387
0.371476
0.778984
0.003927
0.242307
0.338800
0.287082
0.005302
0.020142
0.021748
0.421521
0.416547
0.717107
0.023616
0.666365
0.307886
0.325928
0.126035
0.579731
0.223342
0.193091
0.952351
0.000962
0.015860
0.022175
0.577510
0.107490
0.190441
0.054608
0.021789
0.039471
0.336587
0.025209
0.155129
0.016436
0.504828
0.163322
0.406006
0.072685
0.110916
0.798219
0.034257
0.723275
0.435190
0.056140
0.069140
0.755104
0.025948
0.570393
0.895959
0.000054
0.299422
0.462706
0.143899
0.725713
0.411006
0.040694
0.060911
0.334207
0.138373
0.599689
0.293686
0.838531
0.008656
0.490525
0.073133
0.000493
0.019524
0.262203
0.836524
0.138417
0.761778
0.148258
0.133412
0.071087
0.056970
0.795518
0.034745
0.151164
0.121615
0.256789
0.332978
0.100286
0.224647
0.528594
0.071136
0.314325
0.142096
0.051350
0.459818
0.417864
0.016961
0.679623
0.051206
0.721415
0.009424
0.298122
0.226946
0.390544
0.738881
0.277805
0.017608
0.231465
0.733466
0.240784
0.440809
0.238513
0.005594
0.266656
0.239818
0.567599
0.044011
0.355576
0.012989
0.006114
0.123828
0.165451
0.235647
0.010871
0.864878
0.000711
0.044200
0.206548
0.124707
0.429301
0.046342
0.658303
0.435397
0.015878
0.282844
0.005146
0.354478
0.522810
0.213931
0.424276
0.991044
0.386856
0.010277
0.815455
0.074926
0.055340
0.867484
0.179811
0.012796
0.857128
0.031933
