0.006107
0.008189
0.000015
0.336322
0.181622
0.000014
0.000112
0.000128
0.000000
0.000221
0.002608
0.039913
0.000491
0.000211
0.085841
0.012586
0.399560
0.001101
0.030866
0.016954
0.005412
0.029355
0.055748
0.002211
0.700252
0.000048
0.000947
0.048787
0.251676
0.106964
0.021163
0.252606
0.143446
0.000121
0.207221
0.299747
0.017762
0.001924
0.086943
0.004512
0.041743
0.084381
0.002113
0.002923
0.000123
0.001181
0.009662
0.115183
0.067195
0.012074
0.168949
0.013094
0.029724
0.408401
0.379165
0.002161
0.508739
0.010409
0.202301
0.000221
0.002454
0.000131
0.004939
0.013548
0.000100
0.265463
0.049221
0.055069
0.008841
0.000889
0.016023
0.000091
0.000000
0.001076
0.000213
0.008182
0.000024
0.026954
0.199073
0.003430
0.012634
0.000004
0.000078
0.132607
0.000906
0.024866
0.173036
0.002974
0.000106
0.000181
0.000047
0.001640
0.000683
0.000307
0.171244
0.002263
0.001628
0.005911
0.000000
0.000214
0.014370
0.000673
0.000054
0.002237
0.000035
0.017057
0.001306
0.001263
0.045656
0.004931
0.004131
0.000005
0.000036
0.000001
0.344870
0.000908
0.021298
0.158049
0.000000
0.012761
0.001081
0.026726
0.060763
0.000202
0.112408
0.004455
0.005937
0.000186
0.000362
0.068809
0.056871
0.007939
0.009971
0.000135
0.019160
0.249113
0.067126
0.136587
0.321713
0.076888
0.016170
0.000121
0.009384
0.000000
0.002217
0.070675
0.056435
0.000002
0.015508
0.234427
0.000109
0.001072
0.001577
0.002771
0.000009
0.001783
0.036592
0.014708
0.000001
0.000315
0.019553
0.003095
0.000004
0.014157
0.013652
0.003302
0.070385
0.012186
0.004377
0.012456
0.008160
0.052318
0.022117
0.000051
0.013368
