0.197239
0.919553
0.925912
0.765267
0.768072
0.782297
0.822126
0.532235
0.603461
0.852803
0.337471
0.220556
0.277728
0.259778
0.179048
0.264497
0.079031
0.388309
0.185848
0.321970
0.460032
0.084467
0.330966
0.619175
0.289615
0.700605
0.918369
0.199073
0.031172
0.201520
0.838631
0.943556
0.081282
0.806365
0.668379
0.113695
0.097895
0.566785
0.402726
0.756238
0.013069
0.475214
0.349380
0.256499
0.748846
0.643711
0.619411
0.894032
0.072240
0.424787
0.426938
0.023872
0.254763
0.265984
0.151732
0.308884
0.411407
0.003983
0.041520
0.259412
0.933485
0.148212
0.588284
0.131345
0.230930
0.262351
0.222626
0.001866
0.139826
0.885558
0.918888
0.073233
0.451846
0.524169
0.634814
0.519983
0.476517
0.940570
0.315759
0.366967
0.261099
0.632206
0.148864
0.835012
0.293044
0.714541
0.110483
0.129969
0.778873
0.301052
0.105432
0.464528
0.206120
0.760424
0.850280
0.582422
0.434153
0.276729
0.181952
0.213617
0.896209
0.260658
0.034158
0.969808
0.365939
0.281598
0.194893
0.343167
0.536000
0.717806
0.289774
0.040287
0.966663
0.485140
0.845286
0.302525
0.906618
0.588988
0.551382
0.486566
0.203749
0.312979
0.435604
0.748504
0.938598
0.416750
0.949221
0.058808
0.114363
0.778873
0.991164
0.952630
0.978471
0.200145
0.523489
0.139737
0.089513
0.354112
0.554614
0.015461
0.757371
0.165349
0.861308
0.173566
0.025900
0.259998
0.213617
0.418066
0.245166
0.973612
0.169260
0.266731
0.645609
0.036158
0.693077
0.243559
0.003949
0.968014
0.358978
0.518967
0.348927
0.600043
0.799942
0.122994
0.642643
0.134136
0.717224
0.272681
0.142320
0.990215
0.387825
0.259632
0.706236
0.438827
0.415335
