0.000108
0.000136
0.000010
0.000404
0.001164
0.002064
0.005668
0.002532
0.000003
0.009882
0.041549
0.000063
0.091021
0.089304
0.010341
0.007532
0.051568
0.000020
0.005195
0.033518
0.000823
0.019074
0.007598
0.343346
0.000070
0.045510
0.405408
0.000864
0.180852
0.019247
0.026169
0.001354
0.012860
0.002654
0.001166
0.000000
0.002124
0.005636
0.002943
0.033923
0.000128
0.001476
0.060028
0.006648
0.023043
0.000207
0.000170
0.137586
0.105466
0.024500
0.075028
0.000052
0.097120
0.000030
0.000009
0.000009
0.000550
0.001616
0.034821
0.025238
0.004876
0.023310
0.002594
0.076368
0.000003
0.039089
0.119206
0.001083
0.099297
0.095681
0.014239
0.061335
0.001284
0.044215
0.011493
0.033923
0.040114
0.001983
0.110015
0.035510
0.385697
0.000009
0.005963
0.008906
0.009395
0.039727
0.012879
0.090567
0.034745
0.000248
0.022324
0.009768
0.004998
0.155806
0.000192
0.000731
0.024637
0.003743
0.002167
0.003180
0.264645
0.000571
0.003554
0.000159
0.000016
0.002879
0.000478
0.107737
0.264645
0.007751
0.103850
0.000695
0.039698
0.001307
0.000232
0.002699
0.008246
0.008423
0.018711
0.000015
0.000741
0.182008
0.147378
0.002167
0.011062
0.002473
0.000014
0.002330
0.005214
0.001963
0.076888
0.037206
0.000031
0.000513
0.000008
0.009217
0.041267
0.240922
0.002764
0.020454
0.080734
0.555885
0.000033
0.108409
0.130343
0.283079
0.000043
0.268678
0.012835
0.004302
0.084410
0.006508
0.553574
0.002274
0.016643
0.001111
0.205510
0.004195
0.000001
0.001802
0.083646
0.112921
0.000009
0.007757
0.000054
0.000020
0.049134
0.040186
0.001029
0.000165
0.003380
0.000102
0.214309
0.236872
0.153111
