0.505163
0.004364
0.095999
0.046162
0.002815
0.000947
0.004421
0.006604
0.001834
0.002503
0.005095
0.016636
0.127457
0.000051
0.001521
0.426118
0.004478
0.006133
0.000001
0.011165
0.000126
0.006075
0.042543
0.014546
0.001416
0.000080
0.008096
0.002104
0.000198
0.028800
0.009673
0.000785
0.005241
0.000140
0.001153
0.000356
0.025463
0.354112
0.031138
0.000011
0.002499
0.001208
0.000621
0.016814
0.022324
0.401339
0.003941
0.001673
0.077255
0.000126
0.001650
0.148491
0.000585
0.009878
0.001501
0.063169
0.001790
0.038753
0.289297
0.125954
0.010800
0.000110
0.103543
0.000226
0.018251
0.017522
0.289059
0.009890
0.704126
0.008545
0.000388
0.000853
0.084609
0.000618
0.000324
0.022150
0.749303
0.000203
0.005406
0.100784
0.091570
0.002197
0.020293
0.019812
0.006741
0.238513
0.001433
0.002107
0.000025
0.018251
0.024409
0.010361
0.002325
0.010858
0.000083
0.000047
0.022191
0.004876
0.011295
0.002890
0.000063
0.001183
0.017795
0.829837
0.000115
0.001201
0.000173
0.000616
0.002633
0.000595
0.000023
0.002427
0.030162
0.000076
0.101518
0.000063
0.001427
0.866184
0.003658
0.134606
0.004146
0.011775
0.002443
0.000005
0.001021
0.283313
0.035690
0.008102
0.062214
0.000000
0.005666
0.000082
0.023493
0.047609
0.600632
0.272150
0.001192
0.097313
0.011087
0.000587
0.000122
0.027455
0.060995
0.006979
0.192975
0.000222
0.000093
0.000000
0.003715
0.000042
0.000061
0.014211
0.201340
0.134008
0.002462
0.147424
0.000928
0.030262
0.002666
0.102391
0.095936
0.420503
0.007409
0.139472
0.000068
0.000319
0.000062
0.000495
0.479783
0.018141
0.010951
0.004962
0.001706
0.002705
0.001031
