0.000052
0.545395
0.493282
0.325324
0.166884
0.436020
0.059219
0.275732
0.862816
0.288901
0.000887
0.214309
0.072959
0.347571
0.014697
0.000863
0.256137
0.409602
0.006348
0.456727
0.244746
0.117027
0.830245
0.225367
0.053658
0.097960
0.265984
0.082581
0.080027
0.178178
0.760085
0.236804
0.307140
0.086072
0.018292
0.436020
0.033984
0.043729
0.843211
0.632561
0.267329
0.484483
0.000012
0.628176
0.175913
0.793783
0.442795
0.449099
0.011912
0.800695
0.001353
0.495826
0.017829
0.053923
0.283235
0.014900
0.011726
0.811456
0.042848
0.858273
0.044770
0.891495
0.504828
0.428684
0.003403
0.073084
0.008827
0.649762
0.013626
0.000267
0.471747
0.342005
0.006688
0.019421
0.691545
0.172771
0.555770
0.200204
0.147702
0.009848
0.081172
0.393959
0.729537
0.168379
0.731040
0.018459
0.717690
0.292644
0.947762
0.103612
0.171559
0.253252
0.010233
0.778320
0.117674
0.085008
0.048392
0.004854
0.954340
0.225564
0.535087
0.014152
0.148770
0.448467
0.094387
0.855980
0.003327
0.294891
0.051695
0.909061
0.418878
0.070120
0.622845
0.756238
0.456514
0.208513
0.188900
0.089843
0.436435
0.287793
0.001776
0.354020
0.104398
0.138242
0.006891
0.551612
0.409101
0.644067
0.155757
0.079111
0.054150
0.760085
0.020546
0.860647
0.001294
0.695431
0.057953
0.097474
0.006371
0.144580
0.124307
0.097152
0.760875
0.889275
0.696137
0.005415
0.008052
0.068103
0.316774
0.132059
0.031470
0.140401
0.560284
0.274051
0.413519
0.270712
0.350741
0.222302
0.300562
0.083393
0.019059
0.000009
0.001033
0.929060
0.012654
0.228201
0.029975
0.048529
0.009075
0.040870
0.000300
0.082888
0.035677
0.302853
0.927809
