0.011221
0.158983
0.033726
0.370816
0.012490
0.011506
0.136283
0.007992
0.374976
0.000001
0.001848
0.001350
0.084268
0.000034
0.000181
0.000038
0.104845
0.018966
0.063432
0.025378
0.030318
0.000008
0.001947
0.000188
0.062951
0.022391
0.004220
0.000299
0.000850
0.000433
0.003701
0.329223
0.000341
0.000168
0.018508
0.000006
0.000169
0.000015
0.002343
0.001555
0.000892
0.000452
0.032842
0.000318
0.073308
0.000062
0.010178
0.222821
0.000995
0.000041
0.008599
0.001090
0.018362
0.121890
0.031550
0.130384
0.003800
0.055398
0.001408
0.005471
0.000004
0.001643
0.037747
0.036592
0.237691
0.137674
0.026628
0.205266
0.080244
0.005506
0.002834
0.048221
0.224124
0.000296
0.559241
0.000550
0.004616
0.003676
0.101150
0.017012
0.003769
0.024793
0.000023
0.003300
0.008071
0.000003
0.172877
0.000161
0.000323
0.037897
0.023704
0.000023
0.028981
0.010875
0.248263
0.010900
0.000127
0.011698
0.002981
0.000472
0.005893
0.027506
0.009669
0.009798
0.000109
0.000785
0.001919
0.119437
0.029658
0.081915
0.030596
0.002000
0.220943
0.103203
0.010833
0.009848
0.002749
0.448151
0.020778
0.042482
0.017608
0.220491
0.000000
0.016681
0.016511
0.027233
0.044770
0.007459
0.161815
0.000029
0.013804
0.004174
0.102661
0.000306
0.009362
0.013373
0.002270
0.000727
0.001492
0.039414
0.008318
0.000032
0.000457
0.008237
0.005445
0.027607
0.007447
0.000780
0.009940
0.160121
0.099068
0.008337
0.089633
0.023493
0.008272
0.013642
0.000048
0.000002
0.444891
0.003910
0.000018
0.306560
0.001775
0.000024
0.005814
0.006617
0.000015
0.005607
0.065662
0.000302
0.004814
0.002866
0.030540
0.160767
0.004083
