0.416345
0.280123
0.124227
0.281442
0.212801
0.161016
0.026256
0.066367
0.032296
0.980842
0.048701
0.692370
0.056911
0.171822
0.108267
0.066711
0.762003
0.103068
0.001652
0.134477
0.049465
0.002568
0.977258
0.431259
0.272453
0.259120
0.045010
0.645372
0.257153
0.151969
0.752264
0.011991
0.006826
0.090536
0.718506
0.356402
0.002825
0.000255
0.437474
0.136847
0.672051
0.109299
0.001167
0.013873
0.024738
0.001279
0.110591
0.000312
0.062516
0.123908
0.752036
0.047407
0.043201
0.844595
0.956335
0.079084
0.986197
0.102122
0.952518
0.010921
0.084239
0.056376
0.022142
0.304250
0.064382
0.001853
0.113806
0.463134
0.057350
0.108444
0.081062
0.081750
0.059736
0.000307
0.045429
0.015112
0.006358
0.171139
0.431569
0.045300
0.159873
0.416345
0.002076
0.092984
0.097668
0.271923
0.041046
0.006070
0.019856
0.109656
0.410604
0.187652
0.039741
0.990427
0.194660
0.241752
0.474346
0.284487
0.015698
0.404115
0.456408
0.038809
0.775102
0.070505
0.032986
0.927879
0.101551
0.948640
0.059965
0.012177
0.018053
0.001191
0.255920
0.009185
0.380025
0.658303
0.357688
0.010783
0.175538
0.600985
0.503267
0.125671
0.067543
0.000270
0.152159
0.102797
0.139826
0.015926
0.377924
0.392884
0.382902
0.009107
0.012683
0.265017
0.090325
0.451000
0.000668
0.974864
0.013642
0.104983
0.178776
0.266581
0.001626
0.010572
0.097701
0.079031
0.807216
0.076108
0.049605
0.590632
0.410103
0.458111
0.017615
0.407702
0.427554
0.322656
0.162416
0.006635
0.043823
0.028265
0.402230
0.056160
0.625806
0.296423
0.000669
0.036394
0.076316
0.186354
0.043995
0.344332
0.330617
0.564693
0.439140
0.394938
0.007565
