0.463563
0.001350
0.904945
0.595451
0.314325
0.218628
0.149424
0.191762
0.812405
0.233279
0.574940
0.033984
0.215256
0.251962
0.766838
0.802090
0.110231
0.429404
0.801554
0.867762
0.373460
0.225630
0.520661
0.385310
0.353746
0.011812
0.533375
0.394253
0.516938
0.811983
0.171454
0.724204
0.813985
0.401240
0.467861
0.074977
0.705064
0.419893
0.577042
0.505944
0.329484
0.040302
0.459605
0.350377
0.720136
0.360548
0.127294
0.520322
0.069354
0.919627
0.659015
0.938019
0.662572
0.413016
0.581603
0.622371
0.020927
0.601692
0.970065
0.167914
0.006404
0.014658
0.306892
0.324289
0.261319
0.306478
0.555192
0.793240
0.830857
0.754764
0.810716
0.478693
0.636712
0.138768
0.314241
0.799081
0.175699
0.685176
0.642169
0.417560
0.181732
0.610188
0.998059
0.669801
0.271241
0.966617
0.376115
0.880726
0.435086
0.414628
0.527571
0.631494
0.234630
0.882493
0.874994
0.147331
0.344960
0.364540
0.374028
0.848036
0.947467
0.075464
0.665891
0.131052
0.335087
0.934285
0.033665
0.065210
0.021266
0.809340
0.068056
0.411709
0.225236
0.452905
0.779537
0.554845
0.577042
0.759746
0.874541
0.936199
0.464099
0.143356
0.531438
0.157657
0.471855
0.032878
0.680214
0.367904
0.499041
0.106230
0.006570
0.947172
0.942570
0.182008
0.247345
0.266208
0.491627
0.334471
0.920216
0.787788
0.830857
0.255702
0.918518
0.578328
0.062170
0.001623
0.739571
0.203628
0.522131
0.493835
0.461314
0.750670
0.730347
0.611133
0.565971
0.401438
0.794325
0.463992
0.125068
0.598394
0.850572
0.433946
0.942322
0.428376
0.552997
0.602517
0.178830
0.873906
0.171507
0.310801
0.640389
0.344332
0.217096
0.470234
0.207344
