0.038530
0.764480
0.802948
0.202662
0.423969
0.589457
0.346489
0.041208
0.240370
0.371288
0.286845
0.480329
0.197652
0.655101
0.680805
0.187708
0.534858
0.307886
0.680214
0.087822
0.789319
0.069307
0.967071
0.292964
0.097055
0.196064
0.955478
0.002092
0.854924
0.255847
0.133539
0.358794
0.352014
0.818279
0.401933
0.935608
0.285664
0.113585
0.580901
0.246218
0.300807
0.238719
0.823471
0.317877
0.869517
0.756578
0.411207
0.180962
0.513000
0.948523
0.255992
0.683050
0.133285
0.203749
0.301706
0.109441
0.096638
0.767063
0.128646
0.321799
0.332891
0.050918
0.071625
0.593922
0.042741
0.666128
0.330791
0.915296
0.645847
0.959463
0.977331
0.267778
0.239406
0.433015
0.087528
0.546430
0.914917
0.018272
0.107244
0.565158
0.717107
0.514236
0.321970
0.546890
0.738766
0.690366
0.272681
0.964432
0.137499
0.683759
0.468616
0.597099
0.823678
0.525869
0.296019
0.842914
0.009542
0.622608
0.578211
0.703539
0.819009
0.556463
0.877785
0.451211
0.652965
0.323429
0.012737
0.838130
0.953572
0.630546
0.185400
0.702835
0.142815
0.226353
0.554960
0.161115
0.276268
0.511204
0.138110
0.015106
0.470450
0.753742
0.915220
0.806897
0.011954
0.347933
0.326793
0.641931
0.053734
0.346399
0.826048
0.626280
0.223733
0.368748
0.342630
0.967702
0.442795
0.294569
0.557505
0.707057
0.208143
0.022018
0.871902
0.973771
0.986010
0.761778
0.120951
0.054360
0.226419
0.439035
0.261246
0.730693
0.960023
0.373555
0.707057
0.345859
0.575290
0.552882
0.035755
0.012413
0.822437
0.879304
0.478693
0.083365
0.987808
0.736119
0.076654
0.144307
0.295777
0.468077
0.269656
0.338357
0.357504
0.430847
0.381750
