0.455239
0.980248
0.720485
0.618465
0.120056
0.735542
0.362401
0.042756
0.511765
0.200145
0.015449
0.301216
0.223798
0.165197
0.294248
0.687064
0.896957
0.920875
0.749759
0.967252
0.533831
0.102189
0.737731
0.418472
0.745304
0.061144
0.229064
0.182173
0.489534
0.844101
0.315759
0.091967
0.049047
0.098187
0.018431
0.062994
0.603697
0.834811
0.123629
0.617400
0.417965
0.005289
0.704126
0.556348
0.001448
0.210741
0.517614
0.183781
0.124267
0.010017
0.419081
0.350287
0.742555
0.749303
0.896625
0.908826
0.452693
0.351650
0.195478
0.481639
0.624147
0.093419
0.811350
0.817653
0.047441
0.962509
0.352560
0.006503
0.216841
0.817548
0.423356
0.224516
0.885732
0.888157
0.475214
0.075489
0.912628
0.332891
0.662928
0.379930
0.611133
0.164536
0.544936
0.329571
0.017187
0.651067
0.347210
0.275885
0.960678
0.404115
0.313820
0.325496
0.850961
0.483826
0.044074
0.545740
0.686946
0.586876
0.049430
0.774658
0.429301
0.620832
0.621069
0.358702
0.216587
0.693783
0.596275
0.204537
0.048460
0.762454
0.855116
0.807323
0.276268
0.014458
0.655931
0.035910
0.702483
0.327399
0.093855
0.433118
0.463348
0.529845
0.286136
0.448678
0.825225
0.523602
0.089963
0.853961
0.665773
0.850280
0.123430
0.235851
0.322570
0.023528
0.104021
0.170563
0.380887
0.954121
0.037788
0.065143
0.813143
0.874994
0.413117
0.198955
0.766165
0.069093
0.093980
0.461207
0.537600
0.103850
0.790301
0.193091
0.520661
0.137107
0.918369
0.892259
0.076368
0.934285
0.014838
0.748960
0.385793
0.937954
0.786803
0.981647
0.687536
0.099166
0.591571
0.806471
0.514799
0.302935
0.666721
0.033494
0.588988
0.852125
0.026063
