0.091661
0.003871
0.285507
0.638491
0.285743
0.345589
0.023845
0.000174
0.072215
0.073836
0.062755
0.824194
0.005603
0.029953
0.069045
0.166320
0.026092
0.002888
0.096095
0.333329
0.003024
0.007380
0.258828
0.443528
0.521113
0.000011
0.455770
0.599336
0.149424
0.014669
0.091295
0.002092
0.035613
0.402329
0.409001
0.157510
0.724088
0.012060
0.040157
0.211115
0.037543
0.583594
0.026344
0.058951
0.036487
0.471855
0.211177
0.126480
0.005395
0.026618
0.099692
0.032591
0.095237
0.179593
0.058562
0.023077
0.016529
0.854443
0.000999
0.032143
0.040100
0.192686
0.064806
0.485798
0.046260
0.194777
0.173194
0.245446
0.017715
0.200861
0.079622
0.189641
0.463456
0.027914
0.148165
0.160468
0.157119
0.198421
0.061399
0.550920
0.373460
0.122638
0.092830
0.005704
0.152539
0.000643
0.600632
0.036791
0.366126
0.030529
0.069760
0.290012
0.424174
0.058338
0.027274
0.227937
0.408901
0.926053
0.023198
0.289059
0.024355
0.194485
0.006073
0.651423
0.931936
0.653677
0.742670
0.328875
0.967207
0.152920
0.041878
0.054627
0.590162
0.218884
0.157168
0.195829
0.509747
0.198184
0.490304
0.088530
0.227804
0.029561
0.621542
0.016750
0.002507
0.607708
0.237555
0.005241
0.101284
0.325928
0.595569
0.157266
0.301624
0.187369
0.635526
0.395821
0.894788
0.119669
0.328440
0.031863
0.034733
0.347210
0.046096
0.124787
0.522583
0.151542
0.403817
0.079058
0.228732
0.258609
0.013605
0.006770
0.214750
0.172824
0.474888
0.183114
0.008512
0.268979
0.962068
0.060826
0.541378
0.475105
0.011862
0.457046
0.359901
0.876168
0.016423
0.034758
0.328701
0.100651
0.002543
0.055050
0.173619
0.044978
0.640271
