0.005109
0.397589
0.407802
0.295777
0.179593
0.000103
0.625450
0.553112
0.079811
0.076419
0.273061
0.695431
0.000105
0.181401
0.199014
0.007770
0.722462
0.409202
0.394938
0.757484
0.176504
0.410604
0.045493
0.000693
0.006013
0.023960
0.044786
0.188900
0.677140
0.396901
0.455557
0.033787
0.644898
0.009128
0.286530
0.021346
0.016442
0.010221
0.236123
0.230395
0.206976
0.751695
0.086622
0.002238
0.140091
0.724785
0.000577
0.000015
0.204173
0.409602
0.065685
0.156194
0.000758
0.179048
0.169624
0.195478
0.615389
0.195595
0.201041
0.201041
0.714658
0.024437
0.002174
0.867577
0.204780
0.465280
0.001577
0.029615
0.016182
0.268078
0.083477
0.005545
0.112225
0.025595
0.391031
0.864691
0.486566
0.149237
0.015274
0.601339
0.444472
0.002967
0.557042
0.023537
0.126278
0.729074
0.540691
0.000184
0.466570
0.515136
0.022770
0.010048
0.139781
0.088887
0.374028
0.251819
0.134136
0.072884
0.185624
0.567250
0.351286
0.465280
0.849794
0.018746
0.124747
0.361845
0.072388
0.079487
0.048822
0.301216
0.029216
0.029964
0.210866
0.165044
0.371759
0.047156
0.119862
0.039386
0.066048
0.698372
0.371759
0.009468
0.516938
0.534402
0.031968
0.719088
0.002711
0.891325
0.385600
0.459711
0.593569
0.359532
0.274051
0.073459
0.297960
0.379165
0.105397
0.013159
0.854539
0.071551
0.044105
0.118093
0.398476
0.153877
0.009057
0.594393
0.060615
0.074189
0.412613
0.108090
0.100121
0.739226
0.017863
0.004373
0.006063
0.004257
0.029109
0.002457
0.031700
0.062451
0.195946
0.578445
0.011096
0.037300
0.037611
0.000532
0.334999
0.080898
0.162065
0.000326
0.865997
0.368279
0.222821
0.290808
0.105086
