0.258390
0.228201
0.037300
0.341202
0.507956
0.124867
0.063520
0.004487
0.860363
0.000002
0.637305
0.127539
0.015455
0.105362
0.053358
0.008305
0.132017
0.144489
0.072388
0.994775
0.140401
0.259778
0.031309
0.161615
0.385793
0.033836
0.017305
0.209253
0.456195
0.089334
0.005205
0.049186
0.360178
0.438723
0.157461
0.110844
0.135077
0.013868
0.153159
0.027203
0.003369
0.287319
0.400745
0.057390
0.488324
0.524395
0.573307
0.001078
0.414326
0.585938
0.024076
0.540691
0.914841
0.085582
0.321970
0.038669
0.006672
0.010762
0.004980
0.036381
0.205205
0.716874
0.001142
0.095079
0.143899
0.361289
0.000174
0.114772
0.096959
0.161415
0.587697
0.090415
0.787351
0.459071
0.157461
0.286215
0.174150
0.136240
0.133667
0.388212
0.005467
0.124747
0.887380
0.008109
0.014195
0.203024
0.000846
0.026608
0.574590
0.168534
0.194136
0.238102
0.081309
0.004492
0.517839
0.079946
0.001576
0.064182
0.023086
0.740834
0.091295
0.663521
0.185064
0.264942
0.002211
0.195888
0.010758
0.273670
0.122402
0.062063
0.019842
0.172191
0.331752
0.155709
0.179921
0.476300
0.017364
0.348475
0.323257
0.020393
0.191360
0.217160
0.379834
0.032284
0.587697
0.403917
0.747362
0.549883
0.001495
0.531210
0.104604
0.280976
0.072264
0.255630
0.071233
0.000057
0.142770
0.073886
0.088501
0.596039
0.407802
0.143220
0.732774
0.410304
0.729884
0.273822
0.470774
0.005327
0.039513
0.067219
0.098708
0.450789
0.420503
0.202602
0.640864
0.154021
0.359532
0.804765
0.032402
0.050293
0.016411
0.144035
0.313988
0.000622
0.163928
0.404115
0.641338
0.316944
0.957707
0.942570
0.615271
0.088649
0.052189
0.915674
0.001925
