0.343435
0.000944
0.177745
0.185792
0.001569
0.000347
0.019560
0.482731
0.000114
0.163019
0.168430
0.178939
0.067893
0.000529
0.000334
0.001416
0.011524
0.065188
0.062127
0.001451
0.000005
0.581720
0.068951
0.001224
0.000338
0.054570
0.000003
0.220298
0.000000
0.000002
0.067590
0.000002
0.000715
0.327572
0.000823
0.008924
0.000064
0.029216
0.000647
0.031793
0.002943
0.043217
0.000486
0.000001
0.053602
0.095364
0.000825
0.377448
0.000450
0.000000
0.284565
0.004704
0.032284
0.053583
0.006278
0.000043
0.014168
0.000000
0.016200
0.000477
0.008380
0.205814
0.000000
0.127661
0.000070
0.081777
0.000299
0.001690
0.001768
0.000013
0.081199
0.000057
0.002504
0.311303
0.000126
0.063235
0.000000
0.053152
0.016776
0.007182
0.012732
0.000001
0.003356
0.000073
0.000001
0.001780
0.388600
0.000513
0.005567
0.004481
0.026815
0.025238
0.001898
0.097798
0.008305
0.005928
0.002533
0.043032
0.002700
0.695549
0.021538
0.559357
0.000165
0.003334
0.002624
0.000008
0.151779
0.000470
0.115857
0.000565
0.216396
0.052873
0.061250
0.000223
0.023017
0.000020
0.000032
0.004724
0.003237
0.029291
0.002264
0.098610
0.000000
0.032818
0.014535
0.034046
0.000129
0.001380
0.283782
0.000697
0.005139
0.040028
0.029844
0.000008
0.000622
0.000013
0.788663
0.013260
0.002009
0.000120
0.046507
0.010249
0.024600
0.280278
0.215826
0.000186
0.001299
0.013569
0.203749
0.106160
0.000000
0.000603
0.149050
0.223537
0.154935
0.023748
0.004297
0.005902
0.009531
0.000799
0.000010
0.053395
0.260291
0.000055
0.000048
0.000042
0.077045
0.432292
0.000010
0.014304
0.000074
0.001659
0.000478
0.016467
0.000002
