0.000519
0.004521
0.302279
0.739801
0.004952
0.007700
0.074697
0.077702
0.000070
0.125309
0.001793
0.018375
0.044946
0.146870
0.000264
0.009874
0.000557
0.010214
0.042940
0.000014
0.028182
0.012228
0.331927
0.195946
0.004361
0.001427
0.278653
0.000667
0.000561
0.131891
0.000006
0.015908
0.222367
0.019038
0.441958
0.000082
0.000592
0.094230
0.004952
0.123748
0.050595
0.011264
0.020841
0.088057
0.002215
0.000000
0.000362
0.112408
0.123947
0.029237
0.142635
0.003444
0.293525
0.001950
0.040841
0.000036
0.021871
0.000006
0.007610
0.024628
0.016090
0.025977
0.000021
0.021708
0.008782
0.000004
0.005855
0.002073
0.068220
0.272226
0.000748
0.006482
0.000027
0.001587
0.039272
0.320773
0.017077
0.289774
0.031770
0.061698
0.107490
0.296423
0.164993
0.002968
0.052984
0.031666
0.017575
0.014190
0.000301
0.000090
0.638847
0.000837
0.001858
0.205753
0.035897
0.111787
0.004101
0.000034
0.009239
0.000167
0.000007
0.130718
0.025209
0.000111
0.011546
0.445626
0.026393
0.009651
0.000408
0.004499
0.028130
0.001177
0.034319
0.018066
0.021805
0.001938
0.008383
0.000417
0.148212
0.007840
0.030765
0.000483
0.249681
0.001379
0.000254
0.003902
0.000002
0.122126
0.000028
0.000000
0.239543
0.026687
0.086739
0.075130
0.000015
0.000106
0.000109
0.000476
0.229463
0.005800
0.174950
0.294730
0.010060
0.078710
0.000551
0.000354
0.000000
0.012177
0.000228
0.038641
0.130384
0.001743
0.018746
0.000005
0.031562
0.012280
0.001500
0.000020
0.081888
0.038907
0.035420
0.000013
0.331228
0.000000
0.003211
0.003193
0.011609
0.002770
0.009096
0.012547
0.038336
0.262572
0.002202
0.123113
0.000019
