0.306064
0.282299
0.147378
0.001335
0.834002
0.024076
0.155709
0.767287
0.715941
0.195829
0.058522
0.093824
0.122717
0.316013
0.000051
0.019871
0.018641
0.005616
0.555076
0.007305
0.090144
0.013621
0.088146
0.696020
0.358794
0.313315
0.729884
0.108090
0.002209
0.007311
0.307886
0.000276
0.185568
0.614561
0.411910
0.829021
0.794976
0.125914
0.272985
0.002870
0.018803
0.231733
0.409502
0.135163
0.253971
0.570393
0.045139
0.019203
0.043310
0.000401
0.002966
0.210369
0.092336
0.095745
0.407202
0.153685
0.051804
0.491627
0.247768
0.608417
0.360086
0.003056
0.051768
0.021732
0.152159
0.433222
0.354569
0.020997
0.157657
0.063454
0.020400
0.056514
0.428581
0.182948
0.019524
0.305239
0.173937
0.002393
0.001960
0.190441
0.012781
0.520209
0.002346
0.569810
0.017129
0.476952
0.414830
0.431982
0.175699
0.000001
0.022584
0.081915
0.043248
0.025967
0.000762
0.182339
0.586055
0.859414
0.327399
0.024986
0.925912
0.007211
0.820674
0.041594
0.104398
0.048822
0.262867
0.055846
0.203628
0.113917
0.072289
0.066849
0.358978
0.001810
0.003709
0.280123
0.392200
0.023712
0.290728
0.023969
0.062929
0.058542
0.036884
0.005951
0.062084
0.003508
0.183003
0.014674
0.008792
0.008071
0.424685
0.037774
0.185904
0.052613
0.059861
0.099068
0.780863
0.016041
0.907488
0.120483
0.002677
0.452481
0.000314
0.550459
0.112262
0.185456
0.004722
0.981263
0.819842
0.005918
0.699195
0.000284
0.263681
0.081777
0.006465
0.026432
0.103203
0.768632
0.073634
0.132143
0.491186
0.117521
0.263829
0.003333
0.175377
0.062408
0.646203
0.222561
0.162718
0.274280
0.421215
0.081584
0.081722
0.276805
0.333768
