0.350741
0.309883
0.759633
0.040389
0.096991
0.055127
0.431982
0.402726
0.058705
0.275808
0.557157
0.243489
0.305899
0.014911
0.178667
0.530186
0.198184
0.023642
0.304250
0.673235
0.975741
0.150645
0.772988
0.589223
0.630902
0.434464
0.045106
0.271165
0.223472
0.296100
0.664232
0.040607
0.223472
0.074037
0.963766
0.005802
0.995120
0.969289
0.424582
0.374502
0.841921
0.154839
0.149893
0.945981
0.122678
0.729768
0.026053
0.083759
0.174629
0.237760
0.378306
0.019472
0.038143
0.507956
0.241822
0.827383
0.636949
0.184449
0.600632
0.281209
0.510756
0.317537
0.319408
0.823368
0.115857
0.117635
0.207099
0.801232
0.111569
0.017635
0.853865
0.001812
0.298203
0.583359
0.814825
0.140846
0.209934
0.615980
0.066965
0.862063
0.189128
0.603814
0.750214
0.924132
0.278731
0.268678
0.894452
0.715708
0.519871
0.267703
0.237350
0.616690
0.875626
0.809658
0.203809
0.725133
0.417965
0.653440
0.864317
0.979166
0.111242
0.037112
0.153638
0.699900
0.405607
0.998273
0.206854
0.316859
0.108090
0.705650
0.058156
0.344511
0.314409
0.257007
0.296746
0.749645
0.005109
0.998273
0.823781
0.390447
0.969028
0.046458
0.084637
0.508851
0.081557
0.419385
0.114548
0.014596
0.627583
0.286845
0.211863
0.911472
0.336587
0.359163
0.313904
0.476409
0.989584
0.804659
0.322570
0.341826
0.599454
0.762904
0.744847
0.401141
0.033947
0.344870
0.068951
0.797356
0.290967
0.384732
0.597216
0.838130
0.954938
0.549077
0.500262
0.034808
0.639677
0.277882
0.751240
0.432705
0.050346
0.403917
0.167347
0.479238
0.885645
0.078258
0.704243
0.038240
0.455345
0.027935
0.179320
0.248122
0.929199
0.353655
0.065934
