0.207283
0.487554
0.492509
0.031172
0.239337
0.460886
0.965604
0.066459
0.814090
0.038879
0.269656
0.108551
0.834407
0.156729
0.270561
0.539545
0.851253
0.637780
0.753969
0.543443
0.635052
0.217797
0.272833
0.296665
0.165911
0.359532
0.142815
0.243280
0.703774
0.365472
0.314831
0.814615
0.452693
0.867854
0.731387
0.654508
0.123629
0.098741
0.556579
0.617281
0.386856
0.104879
0.399462
0.357137
0.466247
0.694136
0.445521
0.004373
0.027223
0.194311
0.385310
0.132607
0.055185
0.007165
0.849208
0.110844
0.057671
0.714658
0.894536
0.864223
0.972852
0.071796
0.112848
0.326447
0.270108
0.864597
0.598276
0.015077
0.338978
0.645253
0.144262
0.538744
0.547350
0.245026
0.013491
0.473046
0.640745
0.278345
0.334735
0.528367
0.540003
0.175859
0.741867
0.362866
0.046955
0.042649
0.387244
0.677021
0.500596
0.164637
0.916652
0.969722
0.843310
0.041386
0.555538
0.747705
0.434153
0.865718
0.053847
0.940444
0.490745
0.109943
0.593099
0.131849
0.579614
0.514911
0.979610
0.225171
0.124027
0.571325
0.876528
0.130760
0.183947
0.519080
0.532691
0.766053
0.069928
0.367997
0.328788
0.319834
0.386276
0.326447
0.215193
0.377257
0.267703
0.049535
0.473046
0.340667
0.246640
0.529845
0.757371
0.066965
0.141068
0.896459
0.749188
0.305156
0.955800
0.684349
0.121772
0.650474
0.083140
0.859794
0.177583
0.256862
0.365846
0.563300
0.953847
0.206303
0.270636
0.487335
0.338002
0.990963
0.078683
0.091875
0.486017
0.233144
0.647745
0.535543
0.808385
0.722113
0.853865
0.107455
0.606764
0.510980
0.174150
0.192802
0.533603
0.084098
0.376305
0.473479
0.565506
0.403817
0.351923
0.216778
0.714891
