0.004541
0.009242
0.097184
0.189584
0.000001
0.000005
0.000778
0.327052
0.070409
0.000047
0.000003
0.002711
0.627346
0.090024
0.043558
0.013368
0.043155
0.001370
0.002558
0.106894
0.052631
0.184170
0.001007
0.010638
0.003313
0.051568
0.023502
0.006690
0.047999
0.075644
0.000253
0.169572
0.000003
0.002673
0.001225
0.006325
0.063740
0.002388
0.002235
0.000003
0.000109
0.000657
0.000096
0.092582
0.209872
0.008285
0.006273
0.000054
0.039570
0.035266
0.000048
0.021084
0.001237
0.241337
0.004121
0.001045
0.024701
0.333680
0.001253
0.008858
0.017038
0.000104
0.139781
0.009089
0.000473
0.043995
0.081199
0.021683
0.431878
0.000067
0.095872
0.088530
0.004862
0.002849
0.026073
0.239062
0.248263
0.000007
0.082220
0.036791
0.339866
0.000001
0.002387
0.524508
0.024986
0.305486
0.000048
0.000089
0.002522
0.084694
0.007076
0.010389
0.004510
0.065458
0.000205
0.002805
0.000036
0.000886
0.000055
0.003399
0.004574
0.077887
0.002859
0.000785
0.000003
0.044357
0.029076
0.000000
0.000007
0.048255
0.040680
0.000116
0.295213
0.000021
0.021627
0.095681
0.000006
0.019370
0.001306
0.048718
0.000235
0.055108
0.015632
0.010867
0.001172
0.007053
0.167347
0.195302
0.000806
0.002666
0.002356
0.429507
0.011876
0.005699
0.001408
0.166269
0.005583
0.007874
0.003927
0.000218
0.067427
0.000135
0.068103
0.050524
0.000031
0.040680
0.004472
0.098317
0.113548
0.000005
0.020724
0.003706
0.001344
0.000204
0.011595
0.039329
0.000014
0.004090
0.011462
0.040811
0.000027
0.006343
0.173142
0.135120
0.578094
0.000053
0.120600
0.007976
0.019407
0.028631
0.007721
0.005623
0.000357
0.009399
0.473912
