0.076654
0.042421
0.001773
0.002124
0.000060
0.008030
0.000175
0.074875
0.000814
0.000000
0.264868
0.001176
0.000260
0.073034
0.001521
0.017822
0.002873
0.054417
0.054055
0.005170
0.230395
0.008813
0.000001
0.281909
0.026015
0.000003
0.005372
0.019254
0.451952
0.179538
0.082749
0.000273
0.012969
0.061016
0.000717
0.025238
0.024337
0.068903
0.004138
0.017318
0.000007
0.000293
0.023537
0.002182
0.005460
0.000099
0.000311
0.000002
0.000229
0.000241
0.128810
0.106474
0.001931
0.000790
0.014557
0.000858
0.001522
0.072512
0.000142
0.012370
0.001580
0.199133
0.001751
0.016890
0.000994
0.032687
0.000993
0.003399
0.004442
0.011444
0.045235
0.000463
0.372609
0.107772
0.062538
0.016262
0.002407
0.226353
0.009424
0.029119
0.014222
0.000106
0.156048
0.001285
0.000651
0.006338
0.000107
0.005541
0.195302
0.000971
0.140935
0.004337
0.001650
0.000220
0.097474
0.035138
0.008367
0.024628
0.000020
0.005506
0.148258
0.105570
0.016102
0.328353
0.001459
0.010716
0.008626
0.153016
0.002205
0.018176
0.025557
0.006121
0.001267
0.136327
0.001785
0.114474
0.000244
0.632206
0.003929
0.000000
0.001208
0.030384
0.019254
0.000615
0.135550
0.062973
0.008572
0.040534
0.005982
0.102189
0.036197
0.391810
0.050417
0.000218
0.002343
0.005432
0.042971
0.001005
0.001027
0.018169
0.033873
0.000003
0.000067
0.000052
0.001494
0.372798
0.027607
0.000039
0.000038
0.003751
0.001139
0.055418
0.001127
0.008134
0.205998
0.000001
0.000002
0.096127
0.000187
0.014872
0.030196
0.089753
0.000363
0.000355
0.046491
0.056712
0.002078
0.065571
0.012280
0.380887
0.015112
0.000013
0.324634
0.206609
0.000011
