0.234089
0.008606
0.100419
0.951169
0.244327
0.397983
0.811033
0.936461
0.439140
0.147239
0.255847
0.180523
0.205875
0.711153
0.434671
0.004134
0.923558
0.329397
0.543213
0.788554
0.040432
0.327659
0.657236
0.594040
0.307389
0.374691
0.841424
0.094859
0.020164
0.196710
0.262794
0.105397
0.821401
0.034195
0.189242
0.447414
0.299747
0.529617
0.143944
0.203145
0.138373
0.016630
0.245867
0.151022
0.183836
0.819738
0.342809
0.293525
0.086274
0.350105
0.130468
0.115745
0.002489
0.821297
0.895207
0.280510
0.053715
0.073886
0.399955
0.815560
0.093108
0.972037
0.616335
0.505163
0.141425
0.478802
0.012825
0.325237
0.132776
0.494940
0.549537
0.584062
0.186129
0.376591
0.640982
0.730693
0.984543
0.630783
0.490304
0.517389
0.001998
0.165451
0.589927
0.847742
0.436227
0.151637
0.304167
0.641457
0.100917
0.336234
0.168897
0.326101
0.721183
0.388794
0.279813
0.960978
0.889361
0.326014
0.999836
0.095713
0.922838
0.594628
0.213805
0.464099
0.166627
0.534288
0.089573
0.941637
0.013094
0.388600
0.207774
0.948698
0.792697
0.671696
0.109549
0.929130
0.370440
0.690484
0.227738
0.443214
0.063586
0.392200
0.529276
0.894116
0.589340
0.462706
0.313315
0.937954
0.081035
0.870436
0.262351
0.272150
0.925060
0.314157
0.849404
0.956654
0.731503
0.885558
0.910698
0.342094
0.077019
0.797680
0.212363
0.919184
0.030652
0.299015
0.156583
0.283547
0.373082
0.195419
0.558778
0.840628
0.544017
0.013225
0.708813
0.903501
0.565390
0.433222
0.522697
0.394742
0.922548
0.316436
0.610188
0.030440
0.958642
0.678441
0.459498
0.864410
0.445416
0.210244
0.808597
0.702249
0.017842
0.512663
0.315168
