0.565506
0.211675
0.000585
0.008559
0.013109
0.002130
0.212989
0.000556
0.006281
0.006586
0.019081
0.000004
0.129058
0.000005
0.000049
0.000961
0.158344
0.067450
0.079757
0.019678
0.048306
0.211488
0.000194
0.002557
0.016517
0.000002
0.230129
0.000000
0.002422
0.000061
0.005127
0.290251
0.165349
0.008442
0.009561
0.005423
0.017396
0.003619
0.000608
0.009160
0.816293
0.101551
0.016725
0.000350
0.002112
0.256354
0.016361
0.019516
0.040665
0.016833
0.041505
0.003176
0.005844
0.000434
0.079676
0.011409
0.000499
0.049939
0.052613
0.000002
0.000000
0.004442
0.001031
0.019723
0.184393
0.013255
0.022770
0.000854
0.037516
0.001131
0.088827
0.026657
0.007214
0.173512
0.000013
0.000006
0.433636
0.000540
0.042451
0.004494
0.059653
0.000001
0.006051
0.000206
0.092490
0.016349
0.010329
0.004543
0.000157
0.005363
0.000294
0.000060
0.068267
0.005314
0.048770
0.010539
0.048943
0.007062
0.099101
0.008827
0.000012
0.050631
0.000010
0.003869
0.000512
0.031550
0.000017
0.008579
0.030451
0.002869
0.082721
0.000001
0.000035
0.007134
0.014076
0.038865
0.000064
0.042787
0.001409
0.220298
0.023172
0.003368
0.000851
0.001148
0.201400
0.000214
0.003279
0.001252
0.001793
0.000031
0.001384
0.008400
0.009557
0.024573
0.250962
0.000840
0.000478
0.000634
0.001159
0.376401
0.001570
0.133922
0.000327
0.002062
0.000013
0.024050
0.016750
0.000064
0.117597
0.005975
0.005359
0.698725
0.003015
0.546545
0.000019
0.000264
0.035049
0.042680
0.000742
0.002832
0.040201
0.004295
0.002180
0.010202
0.000060
0.075464
0.041535
0.000302
0.003287
0.000476
0.051188
0.008906
0.000718
0.081777
0.000100
