0.133880
0.372703
0.870987
0.043714
0.069521
0.124027
0.689305
0.947820
0.594040
0.030074
0.618820
0.113695
0.149144
0.650711
0.124787
0.686356
0.175699
0.297150
0.677376
0.114400
0.234021
0.765828
0.373460
0.171980
0.622963
0.347662
0.610070
0.973612
0.564461
0.631376
0.045591
0.766614
0.017648
0.072959
0.413519
0.883373
0.533945
0.788226
0.321286
0.611252
0.295454
0.938982
0.334383
0.092152
0.627228
0.443947
0.187595
0.564229
0.017735
0.043124
0.867298
0.830041
0.004250
0.057110
0.383095
0.634577
0.011378
0.721648
0.563184
0.381846
0.603579
0.575524
0.890388
0.767063
0.190728
0.156437
0.609362
0.017930
0.765716
0.678677
0.457046
0.370346
0.527231
0.377829
0.743472
0.035871
0.861969
0.985849
0.172771
0.042270
0.063961
0.284330
0.836222
0.418370
0.067869
0.075361
0.460780
0.067311
0.961773
0.253899
0.818697
0.265984
0.624858
0.598511
0.945078
0.954449
0.697549
0.366967
0.427554
0.382614
0.145675
0.743816
0.205753
0.557273
0.096670
0.930643
0.666958
0.155661
0.880460
0.926547
0.170145
0.076445
0.914689
0.579614
0.556926
0.383479
0.360826
0.626872
0.929957
0.483278
0.016744
0.837729
0.042512
0.670038
0.123351
0.356035
0.023397
0.093949
0.945078
0.377543
0.880814
0.435812
0.587697
0.848134
0.422642
0.024555
0.562371
0.550344
0.627346
0.263237
0.084951
0.076862
0.547005
0.849891
0.663165
0.996119
0.453223
0.007101
0.538973
0.900172
0.907251
0.718389
0.818071
0.627702
0.667669
0.268753
0.019502
0.332277
0.997560
0.439140
0.526777
0.105224
0.438827
0.485359
0.066367
0.847252
0.055398
0.524169
0.930369
0.780974
0.144625
0.666602
0.926899
0.805726
0.026102
