0.181126
0.000126
0.080326
0.749645
0.531210
0.020286
0.206792
0.411106
0.002719
0.032758
0.025823
0.013225
0.520209
0.008734
0.136154
0.166730
0.431466
0.110591
0.340400
0.342630
0.494387
0.924490
0.377067
0.145904
0.173089
0.112885
0.325237
0.329484
0.000018
0.430434
0.141872
0.001056
0.069473
0.117521
0.022475
0.134991
0.004984
0.754764
0.007090
0.712322
0.196474
0.005745
0.011191
0.011519
0.474238
0.518291
0.420401
0.349561
0.125430
0.024175
0.246852
0.001506
0.131639
0.342273
0.127090
0.096478
0.199787
0.036171
0.164434
0.006744
0.602164
0.268753
0.082248
0.072735
0.003847
0.032615
0.092029
0.044042
0.045042
0.533261
0.929613
0.453011
0.529731
0.162718
0.735197
0.580667
0.005614
0.460032
0.029023
0.200085
0.958900
0.260732
0.079218
0.047390
0.005336
0.000349
0.509859
0.264571
0.104158
0.001202
0.746105
0.015221
0.001009
0.006714
0.011680
0.756691
0.522131
0.431672
0.006119
0.298366
0.644898
0.455345
0.239887
0.554614
0.074519
0.005162
0.789646
0.674300
0.130676
0.077676
0.280045
0.996188
0.018341
0.180085
0.296584
0.063586
0.647389
0.001152
0.112775
0.522470
0.136934
0.407302
0.006990
0.020301
0.070917
0.309550
0.005030
0.013683
0.518855
0.586876
0.568064
0.010998
0.215889
0.010166
0.385600
0.016411
0.414628
0.124427
0.397983
0.000098
0.005086
0.143175
0.042848
0.581018
0.908669
0.058951
0.052226
0.577510
0.000597
0.154261
0.143672
0.005044
0.673235
0.308884
0.300562
0.094764
0.825431
0.021911
0.000836
0.000751
0.000146
0.408901
0.016687
0.000064
0.946638
0.066459
0.955586
0.244956
0.026874
0.781746
0.008436
0.089454
0.093824
0.355485
0.144352
