0.000083
0.176719
0.000446
0.001609
0.013600
0.000064
0.005791
0.000047
0.000055
0.004968
0.004208
0.014130
0.119824
0.338179
0.003457
0.033323
0.436123
0.000187
0.006881
0.065120
0.011880
0.000328
0.000857
0.210617
0.006246
0.006320
0.006097
0.000002
0.008328
0.683759
0.007892
0.000024
0.001476
0.000024
0.618346
0.000000
0.088798
0.000010
0.000131
0.011533
0.002104
0.000001
0.000151
0.000561
0.000317
0.000028
0.023406
0.002497
0.004173
0.005131
0.209563
0.020240
0.002780
0.258244
0.189755
0.045932
0.000260
0.012761
0.000241
0.445101
0.000488
0.000085
0.033640
0.118208
0.012688
0.088028
0.418472
0.018313
0.000744
0.000018
0.007773
0.001252
0.231599
0.119437
0.006401
0.017588
0.001337
0.022643
0.076941
0.000008
0.036197
0.000000
0.073059
0.065143
0.000589
0.266880
0.000716
0.376876
0.000937
0.010162
0.035923
0.006797
0.037719
0.077702
0.044627
0.023232
0.170615
0.008308
0.026884
0.008179
0.522810
0.000001
0.000110
0.000012
0.012055
0.000010
0.000016
0.000119
0.016517
0.075079
0.006022
0.045364
0.000595
0.048701
0.000593
0.019319
0.035062
0.431259
0.265761
0.000319
0.001714
0.326620
0.043573
0.000184
0.012224
0.773656
0.000827
0.098675
0.065368
0.000837
0.000146
0.403023
0.049587
0.000003
0.026305
0.000141
0.710568
0.211115
0.000109
0.000150
0.392200
0.002224
0.007652
0.000450
0.020461
0.104845
0.124187
0.000647
0.000030
0.000013
0.003840
0.000556
0.002768
0.751240
0.104535
0.000180
0.028652
0.000444
0.009669
0.012620
0.461421
0.089036
0.017655
0.002724
0.000088
0.031424
0.158589
0.004776
0.000147
0.008263
0.000091
0.002585
0.218116
0.107139
0.003976
