0.021708
0.169780
0.201460
0.113253
0.114103
0.841424
0.090144
0.557273
0.461528
0.485908
0.563996
0.162115
0.260145
0.052410
0.206976
0.793674
0.586876
0.735312
0.861403
0.049360
0.640982
0.009828
0.632799
0.477496
0.541034
0.013194
0.600396
0.472613
0.598982
0.857606
0.369781
0.452693
0.322485
0.326274
0.232606
0.104467
0.677021
0.343077
0.620358
0.002180
0.490855
0.606056
0.792044
0.195888
0.303428
0.370816
0.545280
0.444262
0.698842
0.539202
0.035768
0.424685
0.184561
0.186861
0.050435
0.656287
0.493061
0.812405
0.147470
0.737501
0.225040
0.775769
0.198836
0.870436
0.079892
0.019812
0.882581
0.435397
0.212613
0.903742
0.614561
0.870804
0.284173
0.556116
0.047660
0.263163
0.860457
0.138461
0.089963
0.771315
0.969679
0.044962
0.570975
0.290888
0.623555
0.350559
0.046989
0.938534
0.838430
0.102055
0.101551
0.381462
0.978611
0.135292
0.523829
0.893948
0.451846
0.784828
0.191532
0.876528
0.833496
0.892174
0.172930
0.146363
0.467323
0.005133
0.645847
0.261908
0.746219
0.613970
0.758842
0.587932
0.255196
0.477931
0.676312
0.049851
0.235307
0.352651
0.968059
0.895792
0.616453
0.930232
0.225564
0.920216
0.121969
0.767399
0.743129
0.442063
0.211863
0.328093
0.216016
0.144807
0.535886
0.227144
0.761778
0.718622
0.192455
0.187200
0.449205
0.410304
0.793349
0.324634
0.396999
0.499041
0.610661
0.409802
0.050382
0.475431
0.059799
0.107667
0.661624
0.852028
0.821815
0.664113
0.020670
0.530300
0.075566
0.941949
0.205692
0.609362
0.716058
0.588284
0.621661
0.203991
0.096670
0.240232
0.052502
0.421928
0.254908
0.003932
0.958951
0.338268
0.179811
0.183170
0.984629
