0.054226
0.007553
0.119708
0.068667
0.273365
0.034071
0.237281
0.278962
0.063104
0.436643
0.360271
0.488214
0.779316
0.547005
0.000320
0.005338
0.158934
0.052281
0.446467
0.071014
0.450366
0.101786
0.158983
0.172296
0.262203
0.578211
0.118323
0.231934
0.126318
0.809446
0.058767
0.193787
0.870528
0.082054
0.000077
0.020561
0.159230
0.296665
0.427554
0.021084
0.070024
0.379738
0.109263
0.144671
0.665417
0.851738
0.154743
0.085524
0.165197
0.037098
0.110447
0.079919
0.257443
0.360548
0.488104
0.378592
0.022208
0.588166
0.422744
0.246148
0.325842
0.097281
0.072363
0.005408
0.000652
0.142141
0.016442
0.215952
0.017469
0.509187
0.004449
0.577159
0.310467
0.021100
0.013403
0.410304
0.743702
0.753401
0.003653
0.479783
0.272757
0.706705
0.000171
0.188275
0.097895
0.317283
0.687300
0.015811
0.030979
0.006485
0.021226
0.102021
0.015437
0.098155
0.561443
0.007607
0.006180
0.052244
0.747705
0.049047
0.000494
0.179866
0.362309
0.180304
0.942384
0.012000
0.167295
0.725829
0.256427
0.358241
0.245587
0.165502
0.020066
0.243838
0.000338
0.390738
0.355668
0.227012
0.000226
0.283235
0.071063
0.586407
0.022358
0.172138
0.006409
0.114511
0.427451
0.229995
0.011981
0.136413
0.131723
0.133582
0.060636
0.096159
0.811983
0.917027
0.016324
0.207467
0.188900
0.059550
0.094638
0.760537
0.102324
0.150739
0.108728
0.254763
0.037597
0.914841
0.180304
0.784938
0.582188
0.000126
0.713256
0.048856
0.000888
0.093543
0.027668
0.013215
0.123470
0.067034
0.131513
0.517839
0.014602
0.263089
0.988341
0.028110
0.513450
0.019568
0.154743
0.152111
0.038143
0.494166
0.669919
0.577743
0.456727
