0.026608
0.775769
0.128399
0.076394
0.596981
0.087381
0.039005
0.009978
0.001915
0.048753
0.295374
0.216206
0.221136
0.476626
0.025144
0.472721
0.246992
0.021838
0.714891
0.203991
0.272681
0.007730
0.330006
0.150786
0.583008
0.051224
0.195244
0.438827
0.177367
0.110771
0.037651
0.053189
0.122955
0.011586
0.722229
0.005984
0.145721
0.022441
0.008128
0.077913
0.132819
0.004020
0.005235
0.481092
0.017668
0.216778
0.232337
0.064986
0.125309
0.728495
0.713373
0.043434
0.219847
0.465817
0.845778
0.275043
0.047897
0.040592
0.002454
0.554036
0.311052
0.024337
0.514236
0.796059
0.752605
0.437994
0.331053
0.156437
0.017675
0.012266
0.003103
0.052354
0.210431
0.815560
0.618701
0.045721
0.061719
0.190441
0.131261
0.079326
0.290410
0.001433
0.085323
0.257153
0.081446
0.463027
0.027996
0.823368
0.005495
0.119669
0.510307
0.388019
0.162165
0.698019
0.266134
0.003456
0.035587
0.004960
0.212238
0.536229
0.408301
0.083646
0.002254
0.000858
0.046408
0.056396
0.027364
0.004657
0.066322
0.572024
0.618820
0.199430
0.056475
0.820050
0.000032
0.132903
0.882141
0.940381
0.056475
0.300073
0.110591
0.540461
0.066688
0.044405
0.005630
0.190728
0.469478
0.237145
0.413822
0.451634
0.000749
0.078657
0.450683
0.001422
0.181401
0.000929
0.919480
0.004577
0.129554
0.006570
0.416244
0.001940
0.131555
0.408701
0.512214
0.707759
0.964479
0.010345
0.005727
0.033738
0.289297
0.003940
0.070578
0.783178
0.666128
0.479565
0.244606
0.030074
0.640389
0.537829
0.241406
0.253036
0.329658
0.265165
0.631257
0.772765
0.577743
0.017019
0.392493
0.762567
0.133795
0.034708
0.205571
0.216396
0.057852
