0.000300
0.416750
0.708345
0.002119
0.527004
0.856650
0.635882
0.269430
0.392591
0.989848
0.005480
0.186298
0.017735
0.008211
0.014007
0.865531
0.035820
0.015674
0.869793
0.244047
0.000899
0.165146
0.733928
0.071551
0.087001
0.000723
0.009490
0.038185
0.135636
0.091661
0.782628
0.163322
0.734966
0.076888
0.370440
0.004280
0.428581
0.000534
0.050399
0.759068
0.347842
0.012195
0.225040
0.022035
0.004149
0.062278
0.081227
0.003604
0.869240
0.001450
0.010142
0.859889
0.069640
0.043636
0.706939
0.034948
0.669209
0.458325
0.043511
0.023414
0.014957
0.515024
0.142770
0.296827
0.645609
0.304414
0.187256
0.042345
0.044994
0.013710
0.079865
0.290489
0.302607
0.047474
0.810187
0.000713
0.569578
0.535429
0.244606
0.003727
0.058624
0.363888
0.245516
0.002487
0.225040
0.344511
0.542066
0.122047
0.075901
0.002297
0.033154
0.085467
0.480110
0.282923
0.007202
0.001762
0.363609
0.653440
0.527458
0.000699
0.005346
0.704009
0.004111
0.797248
0.119630
0.020263
0.046458
0.229396
0.483278
0.011926
0.075361
0.876977
0.087381
0.041654
0.071551
0.605230
0.128071
0.696843
0.380408
0.154213
0.066482
0.118284
0.066826
0.276345
0.046014
0.725597
0.718273
0.457792
0.196298
0.149377
0.769303
0.002582
0.001887
0.036028
0.790192
0.024094
0.937502
0.620713
0.060594
0.064094
0.764255
0.322399
0.011653
0.321799
0.154694
0.190900
0.405906
0.172033
0.766165
0.259852
0.215572
0.358702
0.104364
0.004566
0.108019
0.107069
0.051951
0.145538
0.988052
0.428581
0.640508
0.182505
0.045187
0.222496
0.071625
0.453223
0.343883
0.104914
0.006897
0.101786
0.100386
0.394938
0.136024
0.163776
0.191993
