0.458735
0.390594
0.662037
0.797750
0.888222
0.825816
0.018434
0.575534
0.267304
0.934882
0.946796
0.615117
0.288827
0.213178
0.809986
0.649956
0.999188
0.139265
0.710971
0.381565
0.800667
0.648466
0.153709
0.200466
0.062238
0.954371
0.066115
0.997375
0.676413
0.662037
0.035738
0.567775
0.101884
0.971163
0.909750
0.434449
0.631364
0.724896
0.249036
0.301505
0.443797
0.400857
0.476510
0.331518
0.400733
0.557787
0.630527
0.184678
0.798172
0.463097
0.784131
0.419146
0.450108
0.948182
0.486254
0.835328
0.878806
0.695980
0.592304
0.299507
0.265822
0.572582
0.437770
0.223029
0.107466
0.121362
0.976758
0.668013
0.258254
0.975543
0.563520
0.132482
0.648821
0.871288
0.223255
0.772845
0.567419
0.885113
0.765106
0.100471
0.689402
0.724896
0.111413
0.492563
0.386676
0.456228
0.112601
0.472361
0.254032
0.129660
0.594206
0.720536
0.645417
0.907914
0.360718
0.267304
0.380009
0.861299
0.237771
0.979838
0.823810
0.038920
0.450561
0.968583
0.001816
0.719386
0.100471
0.442118
0.865127
0.837010
0.374524
0.702654
0.606449
0.797031
0.687989
0.871288
0.448923
0.944841
0.284937
0.813178
0.565414
0.861299
0.949888
0.322758
0.976758
0.095697
0.862431
0.724896
0.714807
0.733924
0.244441
0.359080
0.805456
0.439381
0.822247
0.478184
0.341409
0.144260
0.835328
0.429746
0.925766
0.107081
0.365571
0.479041
0.692343
0.408276
0.334839
0.969645
0.437546
0.833186
0.329617
0.320474
0.865417
0.337690
0.472332
0.847528
0.667649
0.656345
0.084480
0.232767
0.600028
0.748681
0.300395
0.024165
0.878806
0.658825
0.153179
0.504852
0.446957
0.283230
0.563520
0.151412
0.176493
0.305160
0.287301
