0.000000
0.629910
0.000000
0.510663
0.000000
0.506908
0.000000
0.156843
0.000000
0.255695
0.000000
0.713902
0.000000
0.284157
0.000000
0.591460
0.000000
0.358950
0.000000
0.674621
0.000000
0.046805
0.000000
0.698063
0.000000
0.022764
0.000000
0.093298
0.000000
0.863325
0.000000
0.860711
0.000000
0.138656
0.000000
0.536767
0.000000
0.797329
0.000000
0.364159
0.000000
0.463784
0.000000
0.061740
0.000000
0.142100
0.000000
0.663957
0.000000
0.479911
0.000000
0.993680
0.000000
0.417795
0.000000
0.913097
0.000000
0.123063
0.000000
0.440506
0.000000
0.152779
0.000000
0.430966
0.000000
0.406049
0.000000
0.290115
0.000000
0.778492
0.000000
0.573697
0.000000
0.371986
0.000000
0.511241
0.000000
0.286791
0.000000
0.283485
0.000000
0.649806
0.000000
0.271944
0.000000
0.857612
0.000000
0.529710
0.000000
0.094863
0.000000
0.922312
0.000000
0.177993
0.000000
0.315738
0.000000
0.287958
0.000000
0.432032
0.000000
0.985093
0.000000
0.414270
0.000000
0.151173
0.000000
0.522500
0.000000
0.484815
0.000000
0.098360
0.000000
0.228541
0.000000
0.054868
0.000000
0.529710
0.000000
0.115452
0.000000
0.826201
0.000000
0.601781
0.000000
0.801314
0.000000
0.461054
0.000000
0.250796
0.000000
0.832672
0.000000
0.656975
0.000000
0.991495
0.000000
0.279895
0.000000
0.668450
0.000000
0.918603
0.000000
0.847480
0.000000
0.115068
0.000000
0.392514
0.000000
0.738827
0.000000
0.066685
0.000000
0.423025
0.000000
0.780489
0.000000
0.794386
0.000000
0.944178
0.000000
0.607440
0.000000
0.070325
0.000000
0.474001
0.000000
0.643261
0.000000
0.513407
0.000000
0.147457
0.000000
0.935719
0.000000
0.382277
0.000000
0.624691
0.000000
0.517666
0.000000
0.189073
0.000000
0.036017
0.000000
0.840321
0.000000
0.146960
0.000000
0.807354
0.000000
0.392931
0.000000
0.158619
0.000000
0.925480
0.000000
0.619519
0.000000
0.514778
0.000000
0.432174
0.000000
0.694760
0.000000
0.654904
0.000000
0.679836
0.000000
0.278199
0.000000
0.886552
0.000000
0.125826
0.000000
0.493187
0.000000
0.502719
0.000000
0.880544
0.000000
0.180251
0.000000
0.400174
0.000000
0.413073
0.000000
0.320758
0.000000
0.004071
0.000000
0.620762
0.000000
0.658509
0.000000
0.777082
0.000000
0.545393
0.000000
0.282083
0.000000
0.671212
0.000000
0.931497
0.000000
0.380418
0.000000
0.032820
0.000000
0.939430
0.000000
0.244927
0.000000
0.172199
0.000000
0.496509
0.000000
0.868609
0.000000
0.834357
0.000000
0.926837
0.000000
0.813476
0.000000
0.011051
0.000000
0.323605
0.000000
0.505536
0.000000
0.128029
0.000000
0.887950
0.000000
0.453592
0.000000
0.233749
0.000000
0.054156
0.000000
0.152271
0.000000
0.180062
0.000000
0.676711
0.000000
0.818662
0.000000
0.651150
0.000000
0.602761
0.000000
0.654502
0.000000
0.481497
0.000000
0.704683
0.000000
0.782047
0.000000
0.058245
0.000000
0.840542
0.000000
0.402689
0.000000
0.862524
0.000000
0.956142
0.000000
0.701854
0.000000
0.821530
0.000000
0.182242
0.000000
0.335951
0.000000
0.277413
0.000000
0.565009
0.000000
0.501203
0.000000
0.311007
0.000000
0.831115
0.000000
0.954008
0.000000
0.264226
0.000000
0.532087
0.000000
0.510591
0.000000
0.327373
0.000000
0.872878
0.000000
0.472057
0.000000
0.128556
0.000000
0.840409
0.000000
0.247938
0.000000
0.043824
