0.002599
0.396734
0.244537
0.560132
0.085478
0.048907
0.075855
0.133195
0.250481
0.042141
0.000680
0.021139
0.119910
0.026233
0.054450
0.044509
0.282591
0.000677
0.199341
0.069002
0.494794
0.007210
0.424534
0.000289
0.208336
0.206535
0.030744
0.020382
0.034016
0.003865
0.122905
0.624055
0.017150
0.009836
0.118052
0.000759
0.002771
0.000145
0.016870
0.018769
0.004532
0.132286
0.197839
0.195159
0.066823
0.000123
0.026052
0.697043
0.002524
0.003426
0.621050
0.038215
0.009624
0.175075
0.121637
0.023718
0.001309
0.000019
0.075905
0.063234
0.035023
0.009092
0.144376
0.163989
0.053381
0.208454
0.049667
0.352149
0.014054
0.012663
0.056788
0.044169
0.322586
0.096851
0.695711
0.002923
0.534069
0.146300
0.375855
0.047140
0.894214
0.225424
0.008382
0.015508
0.027315
0.005222
0.535246
0.029071
0.002232
0.556338
0.234334
0.061426
0.013469
0.118421
0.096909
0.009509
0.000348
0.027558
0.028111
0.014335
0.007846
0.009377
0.056028
0.094845
0.009218
0.052833
0.009084
0.122641
0.087674
0.296145
0.272848
0.001034
0.016594
0.269286
0.539536
0.106031
0.095811
0.188212
0.105358
0.153974
0.001695
0.024098
0.001739
0.138653
0.007203
0.390835
0.007050
0.726632
0.715155
0.226909
0.023239
0.019766
0.329342
0.032291
0.207421
0.063257
0.044449
0.008487
0.150822
0.136960
0.131390
0.044491
0.118254
0.647993
0.000421
0.098995
0.089578
0.070896
0.000016
0.132348
0.395269
0.058869
0.051732
0.088360
0.084498
0.700136
0.084058
0.044596
0.248884
0.038555
0.000019
0.979275
0.128523
0.000000
0.002835
0.078766
0.000754
0.095068
0.024058
0.075410
0.000809
0.119602
0.003514
0.155510
0.000001
