0.600927
0.840006
0.262906
0.033256
0.446263
0.082850
0.748072
0.652959
0.797221
0.287107
0.741129
0.312769
0.502925
0.720427
0.790145
0.868803
0.581909
0.861586
0.992678
0.344560
0.419353
0.457296
0.741129
0.019282
0.985357
0.157597
0.069221
0.639779
0.607328
0.414088
0.435383
0.620220
0.278878
0.368488
0.948782
0.240151
0.890517
0.633231
0.049553
0.956091
0.727306
0.154917
0.956091
0.019282
0.046445
0.633231
0.876031
0.783087
0.741129
0.344560
0.741129
0.012238
0.926884
0.679644
0.278878
0.326149
0.027638
0.462869
0.776046
0.025150
0.282973
0.035602
0.451760
0.089569
0.755036
0.686381
0.291282
0.659591
0.956091
0.666249
0.070638
0.883269
0.514698
0.222279
0.049553
0.919596
0.383329
0.776046
0.014647
0.485538
0.086157
0.125400
0.034023
0.706737
0.526611
0.383329
0.556999
0.633231
0.854380
0.769024
0.588217
0.797221
0.259014
0.317188
0.734207
0.502925
0.174419
0.157597
0.229310
0.804313
0.699927
0.180314
0.274825
0.354010
0.890517
0.035602
0.600927
0.312769
0.108294
0.868803
0.734207
0.243844
0.120938
0.659591
0.883269
0.713570
0.639779
0.330691
0.797221
0.783087
0.037243
0.706737
0.378341
0.174419
0.556999
0.526611
0.970719
0.174419
0.790145
0.720427
0.082850
0.970719
0.358795
0.468480
0.255161
0.326149
0.383329
0.330691
0.266839
0.278878
0.344560
0.180314
0.741129
0.581909
0.797221
0.646355
0.287107
0.171526
0.132333
0.769024
0.317188
0.825685
0.330691
0.762020
0.741129
0.160312
0.769024
0.755036
0.532620
0.720427
0.485538
0.287107
0.152271
0.978037
0.563178
0.633231
0.883269
0.057491
0.326149
0.818546
0.326149
0.081236
0.659591
0.861586
0.259014
