0.739372
0.063442
0.459860
0.062620
0.033127
0.000962
0.115360
0.203908
0.217214
0.080392
0.352123
0.058691
0.088515
0.649319
0.413968
0.309663
0.110164
0.000140
0.205385
0.030739
0.030384
0.127765
0.033200
0.000118
0.115024
0.045518
0.000314
0.001365
0.010780
0.024140
0.446998
0.001990
0.264423
0.015281
0.147023
0.008720
0.006544
0.030824
0.122074
0.000012
0.000923
0.026527
0.040797
0.249379
0.100067
0.026512
0.017495
0.530173
0.023905
0.000978
0.442264
0.004790
0.351846
0.194293
0.719808
0.072408
0.006982
0.016345
0.108317
0.398685
0.006585
0.234657
0.011154
0.008198
0.007460
0.364494
0.074639
0.046801
0.002583
0.002217
0.035456
0.187152
0.115312
0.000980
0.019476
0.000006
0.009511
0.127404
0.021556
0.000493
0.005420
0.026392
0.043693
0.000854
0.021759
0.013890
0.230940
0.002883
0.211430
0.565853
0.552219
0.118854
0.000070
0.203698
0.006242
0.035093
0.096015
0.139974
0.246552
0.189156
0.045471
0.185095
0.078498
0.195454
0.009548
0.087139
0.060557
0.116710
0.004614
0.202088
0.138494
0.128852
0.048359
0.000028
0.001190
0.000841
0.135352
0.107721
0.010766
0.237638
0.007505
0.000808
0.023278
0.026123
0.006342
0.028833
0.140745
0.292179
0.898563
0.013977
0.161285
0.292008
0.098989
0.001749
0.132048
0.004154
0.000380
0.033748
0.000387
0.021468
0.044934
0.004440
0.136268
0.042258
0.010377
0.022066
0.000682
0.002860
0.037495
0.088871
0.004780
0.299824
0.218529
0.017025
0.067874
0.010059
0.015912
0.087688
0.003434
0.000146
0.006464
0.267357
0.001486
0.051419
0.127198
0.069700
0.012211
0.529277
0.034546
0.096394
0.080797
0.007320
0.027691
0.056535
0.005263
